Layer,Time_Offset,Target_Timestep,Component,Metric_Mode,Logit_Score,Posteriors_Score,Target_Transition_Prior,Target_String_Prior,Target_Logit,Wrong_Transition_Prior,Wrong_String_Prior,Wrong_Logit,Actual_Argmax_Prior,Actual_String_Prior,Actual_Argmax_Logit,Target_Transition_Post,Target_String_Post,Target_Prob,Wrong_Transition_Post,Wrong_String_Post,Wrong_Prob,Actual_Transition_Post,actual_String_Post,actual_Prob,Is_Target_Logit_Argmax,Is_Target_Prob_Argmax,Should_Decode,Global_MSE_Change,New_String
0,0,44,head_7,recovery,-0.025390625,0.004283607006072998,2086,CGGACA,4.6796875,1446,CAGACA,4.703125,1446,CAGACA,4.703125,662,AGACAC,0.03679467365145683,2583,GAACAG,0.11185801774263382,2583,GAACAG,0.11185801774263382,False,False,True,0.00041287392377853394,
0,1,44,head_7,recovery,0.02490234375,0.0035134553909301758,2086,CGGACA,4.6875,1446,CAGACA,4.703125,1446,CAGACA,4.703125,662,AGACAC,0.03714488819241524,2583,GAACAG,0.11228008568286896,2583,GAACAG,0.11228008568286896,False,False,True,2.697855234146118e-05,
0,2,44,head_7,recovery,0.02490234375,-0.0009409189224243164,2086,CGGACA,4.6875,1446,CAGACA,4.703125,1446,CAGACA,4.703125,662,AGACAC,0.03735801577568054,2583,GAACAG,0.11290881782770157,2583,GAACAG,0.11290881782770157,False,False,True,0.00028315186500549316,
0,3,44,head_7,recovery,0.0,0.006811678409576416,2086,CGGACA,4.68359375,1446,CAGACA,4.703125,1446,CAGACA,4.703125,662,AGACAC,0.03682875260710716,2583,GAACAG,0.11165623366832733,2583,GAACAG,0.11165623366832733,False,False,True,0.00012862682342529297,
0,4,44,head_7,recovery,-0.025390625,-0.012069225311279297,2086,CGGACA,4.68359375,1446,CAGACA,4.70703125,1446,CAGACA,4.70703125,662,AGACAC,0.037545982748270035,2583,GAACAG,0.11413506418466568,2583,GAACAG,0.11413506418466568,False,False,True,0.00043639540672302246,
0,5,44,head_7,recovery,0.0,-0.004861712455749512,2086,CGGACA,4.68359375,1446,CAGACA,4.703125,1446,CAGACA,4.703125,662,AGACAC,0.037057675421237946,2583,GAACAG,0.11297429352998734,2583,GAACAG,0.11297429352998734,False,False,True,9.649991989135742e-05,
0,6,44,head_7,recovery,-0.025390625,-0.005304932594299316,2086,CGGACA,4.68359375,1446,CAGACA,4.70703125,1446,CAGACA,4.70703125,662,AGACAC,0.037187524139881134,2583,GAACAG,0.11314549297094345,2583,GAACAG,0.11314549297094345,False,False,True,0.00011180341243743896,
0,7,44,head_7,recovery,-0.025390625,-0.005734443664550781,2086,CGGACA,4.68359375,1446,CAGACA,4.70703125,1446,CAGACA,4.70703125,662,AGACAC,0.03694368898868561,2583,GAACAG,0.11294172704219818,2583,GAACAG,0.11294172704219818,False,False,True,-1.0758638381958008e-05,
0,8,44,head_7,recovery,0.0,0.005521595478057861,2086,CGGACA,4.6875,1446,CAGACA,4.70703125,1446,CAGACA,4.70703125,662,AGACAC,0.036775678396224976,2583,GAACAG,0.11172351986169815,2583,GAACAG,0.11172351986169815,False,False,True,0.00046719610691070557,
0,9,44,head_7,recovery,0.0,-0.002409219741821289,2086,CGGACA,4.6875,1446,CAGACA,4.70703125,1446,CAGACA,4.70703125,662,AGACAC,0.0369543693959713,2583,GAACAG,0.11264216899871826,2583,GAACAG,0.11264216899871826,False,False,True,0.000193864107131958,
0,10,44,head_7,recovery,0.0,-0.005615949630737305,2086,CGGACA,4.6875,1446,CAGACA,4.70703125,1446,CAGACA,4.70703125,662,AGACAC,0.03732205554842949,2583,GAACAG,0.11330903321504593,2583,GAACAG,0.11330903321504593,False,False,True,0.0002032443881034851,
0,11,44,head_7,recovery,0.0,-0.01535189151763916,2086,CGGACA,4.68359375,1446,CAGACA,4.703125,1446,CAGACA,4.703125,662,AGACAC,0.03733837977051735,2583,GAACAG,0.11423373222351074,2583,GAACAG,0.11423373222351074,False,False,True,-9.113550186157227e-05,
0,12,44,head_7,recovery,0.02490234375,-0.0070078372955322266,2086,CGGACA,4.6875,1446,CAGACA,4.703125,1446,CAGACA,4.703125,662,AGACAC,0.03706612065434456,2583,GAACAG,0.11318296194076538,2583,GAACAG,0.11318296194076538,False,False,True,-7.4356794357299805e-06,
0,13,44,head_7,recovery,0.0,-0.01617276668548584,2086,CGGACA,4.68359375,1446,CAGACA,4.703125,1446,CAGACA,4.703125,662,AGACAC,0.03734594210982323,2583,GAACAG,0.1143178939819336,2583,GAACAG,0.1143178939819336,False,False,True,3.997981548309326e-05,
0,14,44,head_7,recovery,-0.025390625,-0.0038077831268310547,2086,CGGACA,4.6796875,1446,CAGACA,4.703125,1446,CAGACA,4.703125,662,AGACAC,0.03729008138179779,2583,GAACAG,0.11310836672782898,2583,GAACAG,0.11310836672782898,False,False,True,6.639957427978516e-05,
0,15,44,head_7,recovery,0.0,-0.0014575719833374023,2086,CGGACA,4.68359375,1446,CAGACA,4.703125,1446,CAGACA,4.703125,662,AGACAC,0.037542570382356644,2583,GAACAG,0.11314157396554947,2583,GAACAG,0.11314157396554947,False,False,True,0.00013744831085205078,
0,16,44,head_7,recovery,-0.025390625,0.0048806071281433105,2086,CGGACA,4.6875,1446,CAGACA,4.7109375,1446,CAGACA,4.7109375,662,AGACAC,0.03764725103974342,2583,GAACAG,0.11265489459037781,2583,GAACAG,0.11265489459037781,False,False,True,-1.1160969734191895e-05,
0,17,44,head_7,recovery,0.0,-0.002077817916870117,2086,CGGACA,4.69140625,1446,CAGACA,4.7109375,1446,CAGACA,4.7109375,662,AGACAC,0.03721069544553757,2583,GAACAG,0.112867571413517,2583,GAACAG,0.112867571413517,False,False,True,2.146512269973755e-05,
0,18,44,head_7,recovery,0.0,-0.0046732425689697266,2086,CGGACA,4.69140625,1446,CAGACA,4.7109375,1446,CAGACA,4.7109375,662,AGACAC,0.03763824701309204,2583,GAACAG,0.11353728175163269,2583,GAACAG,0.11353728175163269,False,False,True,0.00019949674606323242,
0,19,44,head_7,recovery,-0.0498046875,-0.0178147554397583,2086,CGGACA,4.69140625,1446,CAGACA,4.71875,1446,CAGACA,4.71875,662,AGACAC,0.03710990771651268,2583,GAACAG,0.1142350509762764,2583,GAACAG,0.1142350509762764,False,False,True,0.0006523802876472473,
0,20,44,head_7,recovery,-0.025390625,-0.019255757331848145,2086,CGGACA,4.68359375,1446,CAGACA,4.70703125,1446,CAGACA,4.70703125,662,AGACAC,0.036954499781131744,2583,GAACAG,0.11421409249305725,2583,GAACAG,0.11421409249305725,False,False,True,0.00024243444204330444,
0,21,44,head_7,recovery,0.0,-0.01074516773223877,2086,CGGACA,4.68359375,1446,CAGACA,4.703125,1446,CAGACA,4.703125,662,AGACAC,0.03790014609694481,2583,GAACAG,0.11436569690704346,2583,GAACAG,0.11436569690704346,False,False,True,-9.007006883621216e-05,
0,22,44,head_7,recovery,0.02490234375,-0.006646156311035156,2086,CGGACA,4.6796875,1446,CAGACA,4.6953125,1446,CAGACA,4.6953125,662,AGACAC,0.03769079968333244,2583,GAACAG,0.11377391219139099,2583,GAACAG,0.11377391219139099,False,False,True,0.0003885999321937561,
0,23,44,head_7,recovery,0.0,-0.005048155784606934,2086,CGGACA,4.6796875,1446,CAGACA,4.69921875,1446,CAGACA,4.69921875,662,AGACAC,0.037148769944906235,2583,GAACAG,0.11308277398347855,2583,GAACAG,0.11308277398347855,False,False,True,0.0006364285945892334,
0,24,44,head_7,recovery,-0.025390625,-0.0014052391052246094,2086,CGGACA,4.68359375,1446,CAGACA,4.70703125,1446,CAGACA,4.70703125,662,AGACAC,0.03725016489624977,2583,GAACAG,0.11284428834915161,2583,GAACAG,0.11284428834915161,False,False,True,0.000271722674369812,
0,25,44,head_7,recovery,-0.025390625,-0.0029473304748535156,2086,CGGACA,4.6875,1446,CAGACA,4.7109375,1446,CAGACA,4.7109375,662,AGACAC,0.036956220865249634,2583,GAACAG,0.11269422620534897,2583,GAACAG,0.11269422620534897,False,False,True,0.0002084299921989441,
0,26,44,head_7,recovery,0.0,-0.012052536010742188,2086,CGGACA,4.68359375,1446,CAGACA,4.703125,1446,CAGACA,4.703125,662,AGACAC,0.03708877041935921,2583,GAACAG,0.1136762946844101,2583,GAACAG,0.1136762946844101,False,False,True,-9.457767009735107e-05,
0,27,44,head_7,recovery,0.0,0.014056146144866943,2086,CGGACA,4.6953125,1446,CAGACA,4.71484375,1446,CAGACA,4.71484375,662,AGACAC,0.0369071401655674,2583,GAACAG,0.11105870455503464,2583,GAACAG,0.11105870455503464,False,False,True,0.0007176399230957031,
0,28,44,head_7,recovery,-0.025390625,0.0001685023307800293,2086,CGGACA,4.6875,1446,CAGACA,4.7109375,1446,CAGACA,4.7109375,662,AGACAC,0.03719645366072655,2583,GAACAG,0.11264374852180481,2583,GAACAG,0.11264374852180481,False,False,True,-0.00018331408500671387,
0,29,44,head_7,recovery,0.0,0.0014172196388244629,2086,CGGACA,4.69140625,1446,CAGACA,4.7109375,1446,CAGACA,4.7109375,662,AGACAC,0.037622034549713135,2583,GAACAG,0.112952820956707,2583,GAACAG,0.112952820956707,False,False,True,0.00011063367128372192,
0,30,44,head_7,recovery,0.0,0.002440214157104492,2086,CGGACA,4.69140625,1446,CAGACA,4.7109375,1446,CAGACA,4.7109375,662,AGACAC,0.03736794367432594,2583,GAACAG,0.11260328441858292,2583,GAACAG,0.11260328441858292,False,False,True,0.000285416841506958,
0,31,44,head_7,recovery,0.0,0.014684617519378662,2086,CGGACA,4.69140625,1446,CAGACA,4.7109375,1446,CAGACA,4.7109375,662,AGACAC,0.03693532571196556,2583,GAACAG,0.11102824658155441,2583,GAACAG,0.11102824658155441,False,False,True,0.0002847611904144287,
1,0,44,head_7,recovery,0.0,-0.02168869972229004,2086,CGGACA,4.69140625,1446,CAGACA,4.7109375,1446,CAGACA,4.7109375,662,AGACAC,0.037402886897325516,2583,GAACAG,0.1148894801735878,2583,GAACAG,0.1148894801735878,False,False,True,-0.0005772262811660767,
1,1,44,head_7,recovery,0.0,-0.003266453742980957,2086,CGGACA,4.67578125,1446,CAGACA,4.6953125,1446,CAGACA,4.6953125,662,AGACAC,0.038091592490673065,2583,GAACAG,0.11385936290025711,2583,GAACAG,0.11385936290025711,False,False,True,-0.0008831843733787537,
1,2,44,head_7,recovery,0.0,-0.030665874481201172,2086,CGGACA,4.68359375,1446,CAGACA,4.703125,1446,CAGACA,4.703125,662,AGACAC,0.03847350552678108,2583,GAACAG,0.11679767817258835,2583,GAACAG,0.11679767817258835,False,False,True,-0.0008628591895103455,
1,3,44,head_7,recovery,0.0,-0.011341691017150879,2086,CGGACA,4.68359375,1446,CAGACA,4.703125,1446,CAGACA,4.703125,662,AGACAC,0.037961509078741074,2583,GAACAG,0.11448271572589874,2583,GAACAG,0.11448271572589874,False,False,True,-0.0004805251955986023,
1,4,44,head_7,recovery,-0.025390625,-0.0027801990509033203,2086,CGGACA,4.68359375,1446,CAGACA,4.70703125,1446,CAGACA,4.70703125,662,AGACAC,0.03737294673919678,2583,GAACAG,0.11309535801410675,2583,GAACAG,0.11309535801410675,False,False,True,-0.0001567453145980835,
1,5,44,head_7,recovery,-0.025390625,-0.005115628242492676,2086,CGGACA,4.6875,1446,CAGACA,4.7109375,1446,CAGACA,4.7109375,662,AGACAC,0.03708691895008087,2583,GAACAG,0.11302722245454788,2583,GAACAG,0.11302722245454788,False,False,True,0.0002620518207550049,
1,6,44,head_7,recovery,0.0,-0.003488302230834961,2086,CGGACA,4.69140625,1446,CAGACA,4.7109375,1446,CAGACA,4.7109375,662,AGACAC,0.036998480558395386,2583,GAACAG,0.11278695613145828,2583,GAACAG,0.11278695613145828,False,False,True,0.0001376420259475708,
1,7,44,head_7,recovery,-0.025390625,-0.011394500732421875,2086,CGGACA,4.68359375,1446,CAGACA,4.70703125,1446,CAGACA,4.70703125,662,AGACAC,0.03752109408378601,2583,GAACAG,0.11404722183942795,2583,GAACAG,0.11404722183942795,False,False,True,-0.00018864870071411133,
1,8,44,head_7,recovery,0.0,0.0018871426582336426,2086,CGGACA,4.68359375,1446,CAGACA,4.703125,1446,CAGACA,4.703125,662,AGACAC,0.038008254021406174,2583,GAACAG,0.11329519003629684,2583,GAACAG,0.11329519003629684,False,False,True,-0.00033501535654067993,
1,9,44,head_7,recovery,-0.025390625,-0.012908577919006348,2086,CGGACA,4.68359375,1446,CAGACA,4.70703125,1446,CAGACA,4.70703125,662,AGACAC,0.0382414311170578,2583,GAACAG,0.11490882933139801,2583,GAACAG,0.11490882933139801,False,False,True,-0.0008143782615661621,
1,10,44,head_7,recovery,0.02490234375,-0.005453824996948242,2086,CGGACA,4.6875,1446,CAGACA,4.703125,1446,CAGACA,4.703125,662,AGACAC,0.03756193444132805,2583,GAACAG,0.11353378742933273,2583,GAACAG,0.11353378742933273,False,False,True,-0.0002862662076950073,
1,11,44,head_7,recovery,0.02490234375,-0.002694845199584961,2086,CGGACA,4.67578125,1446,CAGACA,4.69140625,1446,CAGACA,4.69140625,662,AGACAC,0.03697493299841881,2583,GAACAG,0.11268936842679977,2583,GAACAG,0.11268936842679977,False,False,True,-0.0007804036140441895,
1,12,44,head_7,recovery,0.02490234375,-0.0019154548645019531,2086,CGGACA,4.68359375,1446,CAGACA,4.69921875,1606,CCAACA,4.703125,662,AGACAC,0.036734648048877716,2583,GAACAG,0.112376369535923,2583,GAACAG,0.112376369535923,False,False,True,-0.0010326802730560303,
1,13,44,head_7,recovery,0.02490234375,-0.0014994144439697266,2086,CGGACA,4.68359375,1446,CAGACA,4.69921875,1606,CCAACA,4.703125,662,AGACAC,0.03752050921320915,2583,GAACAG,0.11312340945005417,2583,GAACAG,0.11312340945005417,False,False,True,-0.001084841787815094,
1,14,44,head_7,recovery,0.0,-0.005426168441772461,2086,CGGACA,4.68359375,1446,CAGACA,4.703125,1446,CAGACA,4.703125,662,AGACAC,0.037626683712005615,2583,GAACAG,0.11359596252441406,2583,GAACAG,0.11359596252441406,False,False,True,-0.0006706118583679199,
1,15,44,head_7,recovery,-0.025390625,-0.013367891311645508,2086,CGGACA,4.6796875,1446,CAGACA,4.703125,1446,CAGACA,4.703125,662,AGACAC,0.03787689283490181,2583,GAACAG,0.11458714306354523,2583,GAACAG,0.11458714306354523,False,False,True,-0.00013937801122665405,
1,16,44,head_7,recovery,0.0,-0.0014091730117797852,2086,CGGACA,4.68359375,1446,CAGACA,4.703125,1446,CAGACA,4.703125,662,AGACAC,0.037891410291194916,2583,GAACAG,0.1134858950972557,2583,GAACAG,0.1134858950972557,False,False,True,-0.0006968677043914795,
1,17,44,head_7,recovery,0.0,-0.0061147212982177734,2086,CGGACA,4.68359375,1446,CAGACA,4.703125,1446,CAGACA,4.703125,662,AGACAC,0.037544455379247665,2583,GAACAG,0.11357797682285309,2583,GAACAG,0.11357797682285309,False,False,True,-0.0006704628467559814,
1,18,44,head_7,recovery,0.02490234375,-0.00360870361328125,2086,CGGACA,4.68359375,1446,CAGACA,4.69921875,1446,CAGACA,4.69921875,662,AGACAC,0.03782506287097931,2583,GAACAG,0.11362476646900177,2583,GAACAG,0.11362476646900177,False,False,True,-0.0008331537246704102,
1,19,44,head_7,recovery,0.0,-0.010219216346740723,2086,CGGACA,4.68359375,1446,CAGACA,4.703125,1446,CAGACA,4.703125,662,AGACAC,0.038082294166088104,2583,GAACAG,0.11449877172708511,2583,GAACAG,0.11449877172708511,False,False,True,-0.001017846167087555,
1,20,44,head_7,recovery,0.02490234375,-0.008523941040039062,2086,CGGACA,4.6796875,1446,CAGACA,4.6953125,1446,CAGACA,4.6953125,662,AGACAC,0.037888143211603165,2583,GAACAG,0.11414644867181778,2583,GAACAG,0.11414644867181778,False,False,True,-0.0012374967336654663,
1,21,44,head_7,recovery,0.0,-0.009097933769226074,2086,CGGACA,4.6796875,1446,CAGACA,4.69921875,1446,CAGACA,4.69921875,662,AGACAC,0.03744753450155258,2583,GAACAG,0.11375939100980759,2583,GAACAG,0.11375939100980759,False,False,True,-0.0009419918060302734,
1,22,44,head_7,recovery,-0.025390625,-0.02111983299255371,2086,CGGACA,4.6796875,1446,CAGACA,4.703125,1446,CAGACA,4.703125,662,AGACAC,0.038263656198978424,2583,GAACAG,0.11569716781377792,2583,GAACAG,0.11569716781377792,False,False,True,-0.0008597895503044128,
1,23,44,head_7,recovery,-0.025390625,0.007516443729400635,2086,CGGACA,4.68359375,1446,CAGACA,4.70703125,1446,CAGACA,4.70703125,662,AGACAC,0.0375031940639019,2583,GAACAG,0.11226491630077362,2583,GAACAG,0.11226491630077362,False,False,True,-0.0003594234585762024,
1,24,44,head_7,recovery,0.0,-0.0013818740844726562,2086,CGGACA,4.68359375,1446,CAGACA,4.703125,1446,CAGACA,4.703125,662,AGACAC,0.03776369243860245,2583,GAACAG,0.11335562914609909,2583,GAACAG,0.11335562914609909,False,False,True,-0.0004255920648574829,
1,25,44,head_7,recovery,0.0,0.0008450150489807129,2086,CGGACA,4.6875,1446,CAGACA,4.70703125,1446,CAGACA,4.70703125,662,AGACAC,0.03712895140051842,2583,GAACAG,0.11251312494277954,2583,GAACAG,0.11251312494277954,False,False,True,-5.0008296966552734e-05,
1,26,44,head_7,recovery,0.0,-0.018525362014770508,2086,CGGACA,4.69140625,1446,CAGACA,4.7109375,1446,CAGACA,4.7109375,662,AGACAC,0.038072820752859116,2583,GAACAG,0.11526426672935486,2583,GAACAG,0.11526426672935486,False,False,True,-0.0006611496210098267,
1,27,44,head_7,recovery,0.0,0.0006699562072753906,2086,CGGACA,4.69140625,1446,CAGACA,4.7109375,1446,CAGACA,4.7109375,662,AGACAC,0.03760262951254845,2583,GAACAG,0.11300313472747803,2583,GAACAG,0.11300313472747803,False,False,True,-0.0005653277039527893,
1,28,44,head_7,recovery,-0.025390625,-0.0012420415878295898,2086,CGGACA,4.6875,1446,CAGACA,4.7109375,1446,CAGACA,4.7109375,662,AGACAC,0.03768814727663994,2583,GAACAG,0.11326704174280167,2583,GAACAG,0.11326704174280167,False,False,True,-0.00039386749267578125,
1,29,44,head_7,recovery,0.0,-0.010221600532531738,2086,CGGACA,4.6796875,1446,CAGACA,4.69921875,1446,CAGACA,4.69921875,662,AGACAC,0.03768210485577583,2583,GAACAG,0.11409880220890045,2583,GAACAG,0.11409880220890045,False,False,True,-0.0008782669901847839,
1,30,44,head_7,recovery,0.02490234375,-0.00903463363647461,2086,CGGACA,4.6875,1446,CAGACA,4.703125,1446,CAGACA,4.703125,662,AGACAC,0.03787374123930931,2583,GAACAG,0.11417969316244125,2583,GAACAG,0.11417969316244125,False,False,True,-0.0007302016019821167,
1,31,44,head_7,recovery,0.02490234375,0.0019285082817077637,2086,CGGACA,4.68359375,1446,CAGACA,4.69921875,1446,CAGACA,4.69921875,662,AGACAC,0.038041237741708755,2583,GAACAG,0.11332431435585022,2583,GAACAG,0.11332431435585022,False,False,True,-0.0009191632270812988,
2,0,44,head_7,recovery,-0.025390625,-0.019632935523986816,2086,CGGACA,4.68359375,1446,CAGACA,4.70703125,1446,CAGACA,4.70703125,662,AGACAC,0.037764690816402435,2583,GAACAG,0.11505947262048721,2583,GAACAG,0.11505947262048721,False,False,True,2.004951238632202e-05,
2,1,44,head_7,recovery,0.0,-0.011317610740661621,2086,CGGACA,4.6796875,1446,CAGACA,4.69921875,1446,CAGACA,4.69921875,662,AGACAC,0.03760216757655144,2583,GAACAG,0.11412112414836884,2583,GAACAG,0.11412112414836884,False,False,True,-2.05114483833313e-05,
2,2,44,head_7,recovery,0.0,0.0025687217712402344,2086,CGGACA,4.6875,1446,CAGACA,4.70703125,1446,CAGACA,4.70703125,662,AGACAC,0.037317655980587006,2583,GAACAG,0.11254100501537323,2583,GAACAG,0.11254100501537323,False,False,True,9.201467037200928e-05,
2,3,44,head_7,recovery,0.0,0.0045937299728393555,2086,CGGACA,4.68359375,1446,CAGACA,4.703125,1446,CAGACA,4.703125,662,AGACAC,0.03715262934565544,2583,GAACAG,0.11218703538179398,2583,GAACAG,0.11218703538179398,False,False,True,-0.00011372566223144531,
2,4,44,head_7,recovery,0.0,0.011745274066925049,2086,CGGACA,4.6875,1446,CAGACA,4.70703125,1446,CAGACA,4.70703125,662,AGACAC,0.037553396075963974,2583,GAACAG,0.1119205579161644,2583,GAACAG,0.1119205579161644,False,False,True,0.00022076815366744995,
2,5,44,head_7,recovery,0.0,-0.021087050437927246,2086,CGGACA,4.6796875,1446,CAGACA,4.69921875,1446,CAGACA,4.69921875,662,AGACAC,0.03736057132482529,2583,GAACAG,0.11479102820158005,2583,GAACAG,0.11479102820158005,False,False,True,-0.0004330947995185852,
2,6,44,head_7,recovery,0.0,0.017514169216156006,2086,CGGACA,4.68359375,1446,CAGACA,4.703125,1446,CAGACA,4.703125,662,AGACAC,0.036891382187604904,2583,GAACAG,0.11072029918432236,2583,GAACAG,0.11072029918432236,False,False,True,0.0001521781086921692,
2,7,44,head_7,recovery,0.0,0.006112277507781982,2086,CGGACA,4.6875,1446,CAGACA,4.70703125,1446,CAGACA,4.70703125,662,AGACAC,0.037318672984838486,2583,GAACAG,0.11221140623092651,2583,GAACAG,0.11221140623092651,False,False,True,6.89476728439331e-05,
2,8,44,head_7,recovery,0.0,-0.0009419918060302734,2086,CGGACA,4.69140625,1446,CAGACA,4.7109375,1446,CAGACA,4.7109375,662,AGACAC,0.037782084196805954,2583,GAACAG,0.11333298683166504,2583,GAACAG,0.11333298683166504,False,False,True,9.890645742416382e-05,
2,9,44,head_7,recovery,0.0,0.016185522079467773,2086,CGGACA,4.6796875,1446,CAGACA,4.69921875,1446,CAGACA,4.69921875,662,AGACAC,0.037459347397089005,2583,GAACAG,0.11141223460435867,2583,GAACAG,0.11141223460435867,False,False,True,-0.00020723044872283936,
2,10,44,head_7,recovery,0.0,0.007862389087677002,2086,CGGACA,4.68359375,1446,CAGACA,4.703125,1446,CAGACA,4.703125,662,AGACAC,0.037101421505212784,2583,GAACAG,0.11183086782693863,2583,GAACAG,0.11183086782693863,False,False,True,0.00010777264833450317,
2,11,44,head_7,recovery,0.0,0.000352323055267334,2086,CGGACA,4.6875,1446,CAGACA,4.70703125,1446,CAGACA,4.70703125,662,AGACAC,0.03755296394228935,2583,GAACAG,0.1129831001162529,2583,GAACAG,0.1129831001162529,False,False,True,-0.00023657828569412231,
2,12,44,head_7,recovery,0.0,0.004483699798583984,2086,CGGACA,4.68359375,1446,CAGACA,4.703125,1446,CAGACA,4.703125,662,AGACAC,0.03730901703238487,2583,GAACAG,0.11235368996858597,2583,GAACAG,0.11235368996858597,False,False,True,-5.529075860977173e-05,
2,13,44,head_7,recovery,0.0,0.009656250476837158,2086,CGGACA,4.68359375,1446,CAGACA,4.703125,1446,CAGACA,4.703125,662,AGACAC,0.037594813853502274,2583,GAACAG,0.11215689033269882,2583,GAACAG,0.11215689033269882,False,False,True,-0.0005634501576423645,
2,14,44,head_7,recovery,0.02490234375,0.009378194808959961,2086,CGGACA,4.6796875,1446,CAGACA,4.6953125,1446,CAGACA,4.6953125,662,AGACAC,0.03802792355418205,2583,GAACAG,0.11261594295501709,2583,GAACAG,0.11261594295501709,False,False,True,-0.0010814294219017029,
2,15,44,head_7,recovery,0.0,-0.005095362663269043,2086,CGGACA,4.671875,1446,CAGACA,4.69140625,1446,CAGACA,4.69140625,662,AGACAC,0.038228198885917664,2583,GAACAG,0.11416661739349365,2583,GAACAG,0.11416661739349365,False,False,True,-0.001091785728931427,
2,16,44,head_7,recovery,0.02490234375,0.0006390810012817383,2086,CGGACA,4.6796875,1446,CAGACA,4.6953125,1446,CAGACA,4.6953125,662,AGACAC,0.037767067551612854,2583,GAACAG,0.11317045241594315,2583,GAACAG,0.11317045241594315,False,False,True,0.00028145313262939453,
2,17,44,head_7,recovery,-0.025390625,0.05408817529678345,2086,CGGACA,4.6796875,1446,CAGACA,4.703125,1446,CAGACA,4.703125,662,AGACAC,0.03817695379257202,2583,GAACAG,0.10859348624944687,2583,GAACAG,0.10859348624944687,False,False,True,0.0010673031210899353,
2,18,44,head_7,recovery,0.02490234375,0.04171961545944214,2086,CGGACA,4.6796875,1446,CAGACA,4.6953125,1446,CAGACA,4.6953125,662,AGACAC,0.03953966870903969,2583,GAACAG,0.11111020296812057,2583,GAACAG,0.11111020296812057,False,False,True,-0.00018680840730667114,
2,19,44,head_7,recovery,0.02490234375,-0.0001055002212524414,2086,CGGACA,4.66796875,1446,CAGACA,4.68359375,1446,CAGACA,4.68359375,662,AGACAC,0.03993041813373566,2583,GAACAG,0.11540327221155167,2583,GAACAG,0.11540327221155167,False,False,True,-0.0017869174480438232,
2,20,44,head_7,recovery,0.02490234375,-0.011774778366088867,2086,CGGACA,4.67578125,1446,CAGACA,4.69140625,1446,CAGACA,4.69140625,662,AGACAC,0.03924080356955528,2583,GAACAG,0.11580241471529007,2583,GAACAG,0.11580241471529007,False,False,True,-0.001367032527923584,
2,21,44,head_7,recovery,0.02490234375,0.003551185131072998,2086,CGGACA,4.6796875,1446,CAGACA,4.6953125,1446,CAGACA,4.6953125,662,AGACAC,0.03782728686928749,2583,GAACAG,0.11295896768569946,2583,GAACAG,0.11295896768569946,False,False,True,-0.00037407130002975464,
2,22,44,head_7,recovery,0.0,0.006716251373291016,2086,CGGACA,4.6796875,1446,CAGACA,4.69921875,1446,CAGACA,4.69921875,662,AGACAC,0.03756129741668701,2583,GAACAG,0.1123976781964302,2583,GAACAG,0.1123976781964302,False,False,True,0.00023165345191955566,
2,23,44,head_7,recovery,0.0,0.010912895202636719,2086,CGGACA,4.68359375,1446,CAGACA,4.703125,1446,CAGACA,4.703125,662,AGACAC,0.03742649406194687,2583,GAACAG,0.11187132447957993,2583,GAACAG,0.11187132447957993,False,False,True,-5.491077899932861e-06,
2,24,44,head_7,recovery,0.0,0.009267687797546387,2086,CGGACA,4.68359375,1446,CAGACA,4.703125,1446,CAGACA,4.703125,662,AGACAC,0.03718812018632889,2583,GAACAG,0.11178644746541977,2583,GAACAG,0.11178644746541977,False,False,True,0.0004828348755836487,
2,25,44,head_7,recovery,0.0,0.014391839504241943,2086,CGGACA,4.68359375,1446,CAGACA,4.703125,1446,CAGACA,4.703125,662,AGACAC,0.03755447641015053,2583,GAACAG,0.1116747111082077,2583,GAACAG,0.1116747111082077,False,False,True,-0.00010275095701217651,
2,26,44,head_7,recovery,0.02490234375,0.0036773085594177246,2086,CGGACA,4.68359375,1446,CAGACA,4.69921875,1446,CAGACA,4.69921875,662,AGACAC,0.03763284161686897,2583,GAACAG,0.1127527579665184,2583,GAACAG,0.1127527579665184,False,False,True,9.606778621673584e-05,
2,27,44,head_7,recovery,0.0,0.013047337532043457,2086,CGGACA,4.68359375,1446,CAGACA,4.703125,1446,CAGACA,4.703125,662,AGACAC,0.03762754797935486,2583,GAACAG,0.11187323182821274,2583,GAACAG,0.11187323182821274,False,False,True,3.0472874641418457e-05,
2,28,44,head_7,recovery,0.0,-0.019532322883605957,2086,CGGACA,4.6875,1446,CAGACA,4.70703125,1446,CAGACA,4.70703125,662,AGACAC,0.03791491687297821,2583,GAACAG,0.11520031094551086,2583,GAACAG,0.11520031094551086,False,False,True,0.00011005252599716187,
2,29,44,head_7,recovery,0.02490234375,0.0017072558403015137,2086,CGGACA,4.68359375,1446,CAGACA,4.69921875,1446,CAGACA,4.69921875,662,AGACAC,0.03767571598291397,2583,GAACAG,0.11297944188117981,2583,GAACAG,0.11297944188117981,False,False,True,0.0001261681318283081,
2,30,44,head_7,recovery,0.0,0.003411412239074707,2086,CGGACA,4.69140625,1446,CAGACA,4.7109375,1446,CAGACA,4.7109375,662,AGACAC,0.03729908540844917,2583,GAACAG,0.11244380474090576,2583,GAACAG,0.11244380474090576,False,False,True,0.000365234911441803,
2,31,44,head_7,recovery,0.0,0.0020674467086791992,2086,CGGACA,4.68359375,1446,CAGACA,4.703125,1446,CAGACA,4.703125,662,AGACAC,0.037020470947027206,2583,GAACAG,0.11229058355093002,2583,GAACAG,0.11229058355093002,False,False,True,0.00010959804058074951,
3,0,44,head_7,recovery,0.0,-0.0010771751403808594,2086,CGGACA,4.69140625,1446,CAGACA,4.7109375,1446,CAGACA,4.7109375,662,AGACAC,0.03704237937927246,2583,GAACAG,0.11260589212179184,2583,GAACAG,0.11260589212179184,False,False,True,9.846687316894531e-05,
3,1,44,head_7,recovery,-0.0498046875,0.005684971809387207,2086,CGGACA,4.68359375,1446,CAGACA,4.7109375,1446,CAGACA,4.7109375,662,AGACAC,0.037838056683540344,2583,GAACAG,0.11277065426111221,2583,GAACAG,0.11277065426111221,False,False,True,0.0002156868577003479,
3,2,44,head_7,recovery,-0.025390625,0.012072741985321045,2086,CGGACA,4.6796875,1446,CAGACA,4.703125,1446,CAGACA,4.703125,662,AGACAC,0.03783171623945236,2583,GAACAG,0.1121683269739151,2583,GAACAG,0.1121683269739151,False,False,True,-0.00021086633205413818,
3,3,44,head_7,recovery,-0.025390625,0.0047588348388671875,2086,CGGACA,4.68359375,1446,CAGACA,4.70703125,1446,CAGACA,4.70703125,662,AGACAC,0.037689223885536194,2583,GAACAG,0.11270823329687119,2583,GAACAG,0.11270823329687119,False,False,True,0.00010693073272705078,
3,4,44,head_7,recovery,-0.025390625,0.005778193473815918,2086,CGGACA,4.6796875,1446,CAGACA,4.703125,1446,CAGACA,4.703125,662,AGACAC,0.03768116608262062,2583,GAACAG,0.11260507255792618,2583,GAACAG,0.11260507255792618,False,False,True,0.00023262202739715576,
3,5,44,head_7,recovery,0.0,-0.0049800872802734375,2086,CGGACA,4.68359375,1446,CAGACA,4.703125,1446,CAGACA,4.703125,662,AGACAC,0.037653304636478424,2583,GAACAG,0.11358096450567245,2583,GAACAG,0.11358096450567245,False,False,True,0.00013918429613113403,
3,6,44,head_7,recovery,0.0,0.009478330612182617,2086,CGGACA,4.6875,1446,CAGACA,4.70703125,1446,CAGACA,4.70703125,662,AGACAC,0.0373103991150856,2583,GAACAG,0.1118890717625618,2583,GAACAG,0.1118890717625618,False,False,True,-5.248934030532837e-05,
3,7,44,head_7,recovery,-0.025390625,-0.029481887817382812,2086,CGGACA,4.6875,1446,CAGACA,4.7109375,1446,CAGACA,4.7109375,662,AGACAC,0.037714600563049316,2583,GAACAG,0.11592830717563629,2583,GAACAG,0.11592830717563629,False,False,True,-7.873028516769409e-05,
3,8,44,head_7,recovery,0.0,-0.011119723320007324,2086,CGGACA,4.68359375,1446,CAGACA,4.703125,1446,CAGACA,4.703125,662,AGACAC,0.03786126896739006,2583,GAACAG,0.11436175554990768,2583,GAACAG,0.11436175554990768,False,False,True,0.00010433048009872437,
3,9,44,head_7,recovery,0.0,-0.011031150817871094,2086,CGGACA,4.68359375,1446,CAGACA,4.703125,1446,CAGACA,4.703125,662,AGACAC,0.0374431312084198,2583,GAACAG,0.11393535882234573,2583,GAACAG,0.11393535882234573,False,False,True,-0.00016571581363677979,
3,10,44,head_7,recovery,-0.025390625,-0.015386700630187988,2086,CGGACA,4.69140625,1446,CAGACA,4.71484375,1446,CAGACA,4.71484375,662,AGACAC,0.03740775212645531,2583,GAACAG,0.11430635303258896,2583,GAACAG,0.11430635303258896,False,False,True,0.0004817843437194824,
3,11,44,head_7,recovery,-0.0498046875,0.0020496249198913574,2086,CGGACA,4.6953125,1446,CAGACA,4.72265625,1446,CAGACA,4.72265625,662,AGACAC,0.0374082550406456,2583,GAACAG,0.11268003284931183,2583,GAACAG,0.11268003284931183,False,False,True,0.0007451772689819336,
3,12,44,head_7,recovery,0.0,-0.0022575855255126953,2086,CGGACA,4.69140625,1446,CAGACA,4.7109375,1446,CAGACA,4.7109375,662,AGACAC,0.03685782849788666,2583,GAACAG,0.11253147572278976,2583,GAACAG,0.11253147572278976,False,False,True,0.0009064525365829468,
3,13,44,head_7,recovery,-0.025390625,0.002197563648223877,2086,CGGACA,4.69921875,1446,CAGACA,4.72265625,1446,CAGACA,4.72265625,662,AGACAC,0.037017881870269775,2583,GAACAG,0.1122758612036705,2583,GAACAG,0.1122758612036705,False,False,True,0.0009968802332878113,
3,14,44,head_7,recovery,0.02490234375,0.053647756576538086,2086,CGGACA,4.6796875,1446,CAGACA,4.6953125,1446,CAGACA,4.6953125,662,AGACAC,0.0384330078959465,2583,GAACAG,0.10889063030481339,2583,GAACAG,0.10889063030481339,False,False,True,3.495067358016968e-05,
3,15,44,head_7,recovery,-0.0498046875,-0.10953915119171143,2086,CGGACA,4.671875,1446,CAGACA,4.69921875,1446,CAGACA,4.69921875,662,AGACAC,0.03898949176073074,2583,GAACAG,0.12467262148857117,2583,GAACAG,0.12467262148857117,False,False,True,-0.006050661206245422,
3,16,44,head_7,recovery,0.02490234375,-0.0812615156173706,2086,CGGACA,4.6796875,1446,CAGACA,4.6953125,1446,CAGACA,4.6953125,662,AGACAC,0.039440739899873734,2583,GAACAG,0.12248554080724716,2583,GAACAG,0.12248554080724716,False,False,True,-0.005314186215400696,
3,17,44,head_7,recovery,-0.0498046875,-0.09422075748443604,2086,CGGACA,4.68359375,1446,CAGACA,4.7109375,1446,CAGACA,4.7109375,662,AGACAC,0.03865235671401024,2583,GAACAG,0.12290626764297485,2583,GAACAG,0.12290626764297485,False,False,True,-0.004640042781829834,
3,18,44,head_7,recovery,0.0,0.02150583267211914,2086,CGGACA,4.6953125,1446,CAGACA,4.71484375,1446,CAGACA,4.71484375,662,AGACAC,0.03671536222100258,2583,GAACAG,0.1101718544960022,2583,GAACAG,0.1101718544960022,False,False,True,0.0018708035349845886,
3,19,44,head_7,recovery,0.0,0.023554444313049316,2086,CGGACA,4.69140625,1446,CAGACA,4.7109375,1446,CAGACA,4.7109375,662,AGACAC,0.037361327558755875,2583,GAACAG,0.1106266900897026,2583,GAACAG,0.1106266900897026,False,False,True,0.0005865395069122314,
3,20,44,head_7,recovery,-0.025390625,0.015401065349578857,2086,CGGACA,4.6796875,1446,CAGACA,4.703125,1446,CAGACA,4.703125,662,AGACAC,0.03783024847507477,2583,GAACAG,0.11185632646083832,2583,GAACAG,0.11185632646083832,False,False,True,0.0003790929913520813,
3,21,44,head_7,recovery,0.0,0.00500333309173584,2086,CGGACA,4.6796875,1446,CAGACA,4.69921875,1446,CAGACA,4.69921875,662,AGACAC,0.03770195692777634,2583,GAACAG,0.11269815266132355,2583,GAACAG,0.11269815266132355,False,False,True,0.00011429190635681152,
3,22,44,head_7,recovery,0.0,-2.300739288330078e-05,2086,CGGACA,4.67578125,1446,CAGACA,4.6953125,1446,CAGACA,4.6953125,662,AGACAC,0.03761766478419304,2583,GAACAG,0.11308281868696213,2583,GAACAG,0.11308281868696213,False,False,True,8.210539817810059e-05,
3,23,44,head_7,recovery,-0.025390625,0.0003991127014160156,2086,CGGACA,4.68359375,1446,CAGACA,4.70703125,1446,CAGACA,4.70703125,662,AGACAC,0.0373055525124073,2583,GAACAG,0.11273133009672165,2583,GAACAG,0.11273133009672165,False,False,True,0.00037072598934173584,
3,24,44,head_7,recovery,0.0,0.005561113357543945,2086,CGGACA,4.69140625,1446,CAGACA,4.7109375,1446,CAGACA,4.7109375,662,AGACAC,0.03712064400315285,2583,GAACAG,0.11206479370594025,2583,GAACAG,0.11206479370594025,False,False,True,0.0002460107207298279,
3,25,44,head_7,recovery,0.0,0.0007285475730895996,2086,CGGACA,4.6875,1446,CAGACA,4.70703125,1446,CAGACA,4.70703125,662,AGACAC,0.03726739436388016,2583,GAACAG,0.1126624345779419,2583,GAACAG,0.1126624345779419,False,False,True,9.723007678985596e-05,
3,26,44,head_7,recovery,-0.025390625,-0.026314616203308105,2086,CGGACA,4.68359375,1446,CAGACA,4.70703125,1446,CAGACA,4.70703125,662,AGACAC,0.03694520890712738,2583,GAACAG,0.11486340314149857,2583,GAACAG,0.11486340314149857,False,False,True,0.0003356337547302246,
3,27,44,head_7,recovery,-0.025390625,-0.0033723115921020508,2086,CGGACA,4.6875,1446,CAGACA,4.7109375,1446,CAGACA,4.7109375,662,AGACAC,0.0370672233402729,2583,GAACAG,0.11284487694501877,2583,GAACAG,0.11284487694501877,False,False,True,4.1641294956207275e-05,
3,28,44,head_7,recovery,-0.025390625,0.0018873214721679688,2086,CGGACA,4.68359375,1446,CAGACA,4.70703125,1446,CAGACA,4.70703125,662,AGACAC,0.037202924489974976,2583,GAACAG,0.11248984932899475,2583,GAACAG,0.11248984932899475,False,False,True,-9.10535454750061e-05,
3,29,44,head_7,recovery,-0.025390625,-0.008469462394714355,2086,CGGACA,4.68359375,1446,CAGACA,4.70703125,1446,CAGACA,4.70703125,662,AGACAC,0.0372651182115078,2583,GAACAG,0.11351834237575531,2583,GAACAG,0.11351834237575531,False,False,True,-0.00042203813791275024,
3,30,44,head_7,recovery,0.0,-0.0020182132720947266,2086,CGGACA,4.68359375,1446,CAGACA,4.703125,1446,CAGACA,4.703125,662,AGACAC,0.037679437547922134,2583,GAACAG,0.11333075910806656,2583,GAACAG,0.11333075910806656,False,False,True,7.374584674835205e-05,
3,31,44,head_7,recovery,0.02490234375,-0.004197478294372559,2086,CGGACA,4.6796875,1446,CAGACA,4.6953125,1446,CAGACA,4.6953125,662,AGACAC,0.03751937299966812,2583,GAACAG,0.1133740097284317,2583,GAACAG,0.1133740097284317,False,False,True,-0.00014353543519973755,
4,0,44,head_7,recovery,-0.025390625,-0.006590366363525391,2086,CGGACA,4.68359375,1446,CAGACA,4.70703125,1446,CAGACA,4.70703125,662,AGACAC,0.03746380656957626,2583,GAACAG,0.11354170739650726,2583,GAACAG,0.11354170739650726,False,False,True,0.00036568939685821533,
4,1,44,head_7,recovery,0.0,-0.0013189315795898438,2086,CGGACA,4.68359375,1446,CAGACA,4.703125,1446,CAGACA,4.703125,662,AGACAC,0.037765949964523315,2583,GAACAG,0.11335202306509018,2583,GAACAG,0.11335202306509018,False,False,True,0.00018042325973510742,
4,2,44,head_7,recovery,-0.025390625,-0.00036394596099853516,2086,CGGACA,4.6875,1446,CAGACA,4.7109375,1446,CAGACA,4.7109375,662,AGACAC,0.03742177411913872,2583,GAACAG,0.11291874200105667,2583,GAACAG,0.11291874200105667,False,False,True,0.00038630515336990356,
4,3,44,head_7,recovery,0.0,0.003825545310974121,2086,CGGACA,4.68359375,1446,CAGACA,4.703125,1446,CAGACA,4.703125,662,AGACAC,0.03752097487449646,2583,GAACAG,0.1126270592212677,2583,GAACAG,0.1126270592212677,False,False,True,0.0002392977476119995,
4,4,44,head_7,recovery,0.0,-0.014460206031799316,2086,CGGACA,4.68359375,1446,CAGACA,4.703125,1446,CAGACA,4.703125,662,AGACAC,0.03718576207756996,2583,GAACAG,0.1139979287981987,2583,GAACAG,0.1139979287981987,False,False,True,0.0001142546534538269,
4,5,44,head_7,recovery,-0.025390625,0.0032283663749694824,2086,CGGACA,4.6796875,1446,CAGACA,4.703125,1446,CAGACA,4.703125,662,AGACAC,0.037101324647665024,2583,GAACAG,0.11226312071084976,2583,GAACAG,0.11226312071084976,False,False,True,-9.94652509689331e-06,
4,6,44,head_7,recovery,0.0,-3.0994415283203125e-06,2086,CGGACA,4.68359375,1446,CAGACA,4.703125,1446,CAGACA,4.703125,662,AGACAC,0.03697727620601654,2583,GAACAG,0.1124405786395073,2583,GAACAG,0.1124405786395073,False,False,True,0.00010855495929718018,
4,7,44,head_7,recovery,-0.025390625,-0.02315378189086914,2086,CGGACA,4.6796875,1446,CAGACA,4.703125,1446,CAGACA,4.703125,662,AGACAC,0.03780999407172203,2583,GAACAG,0.11543326824903488,2583,GAACAG,0.11543326824903488,False,False,True,-0.00030498206615448,
4,8,44,head_7,recovery,-0.025390625,0.008525371551513672,2086,CGGACA,4.6875,1446,CAGACA,4.7109375,1446,CAGACA,4.7109375,662,AGACAC,0.0379023402929306,2583,GAACAG,0.11256992816925049,2583,GAACAG,0.11256992816925049,False,False,True,-0.0001216307282447815,
4,9,44,head_7,recovery,0.0,0.0066512227058410645,2086,CGGACA,4.68359375,1446,CAGACA,4.703125,1446,CAGACA,4.703125,662,AGACAC,0.037243351340293884,2583,GAACAG,0.11208579689264297,2583,GAACAG,0.11208579689264297,False,False,True,-0.00012946128845214844,
4,10,44,head_7,recovery,-0.025390625,0.016819536685943604,2086,CGGACA,4.68359375,1446,CAGACA,4.70703125,1446,CAGACA,4.70703125,662,AGACAC,0.0376201868057251,2583,GAACAG,0.11151392012834549,2583,GAACAG,0.11151392012834549,False,False,True,7.2196125984191895e-06,
4,11,44,head_7,recovery,0.0,0.006134152412414551,2086,CGGACA,4.68359375,1446,CAGACA,4.703125,1446,CAGACA,4.703125,662,AGACAC,0.037237562239170074,2583,GAACAG,0.11212825030088425,2583,GAACAG,0.11212825030088425,False,False,True,-0.00022201240062713623,
4,12,44,head_7,recovery,0.02490234375,0.006684303283691406,2086,CGGACA,4.6875,1446,CAGACA,4.703125,1446,CAGACA,4.703125,662,AGACAC,0.03764037787914276,2583,GAACAG,0.11247973889112473,2583,GAACAG,0.11247973889112473,False,False,True,-0.00015591084957122803,
4,13,44,head_7,recovery,0.0,0.019028544425964355,2086,CGGACA,4.6796875,1446,CAGACA,4.69921875,1446,CAGACA,4.69921875,662,AGACAC,0.0377599336206913,2583,GAACAG,0.11144756525754929,2583,GAACAG,0.11144756525754929,False,False,True,-0.00045023858547210693,
4,14,44,head_7,recovery,0.02490234375,0.012844622135162354,2086,CGGACA,4.671875,1446,CAGACA,4.6875,1446,CAGACA,4.6875,662,AGACAC,0.03819115459918976,2583,GAACAG,0.11245574802160263,2583,GAACAG,0.11245574802160263,False,False,True,-0.0008465051651000977,
4,15,44,head_7,recovery,0.02490234375,0.0030153393745422363,2086,CGGACA,4.66796875,1446,CAGACA,4.68359375,1446,CAGACA,4.68359375,662,AGACAC,0.03885997459292412,2583,GAACAG,0.11404165625572205,2583,GAACAG,0.11404165625572205,False,False,True,-0.0009777471423149109,
4,16,44,head_7,recovery,-0.0498046875,0.002243220806121826,2086,CGGACA,4.6953125,1446,CAGACA,4.72265625,1446,CAGACA,4.72265625,662,AGACAC,0.03607800602912903,2583,GAACAG,0.11133172363042831,2583,GAACAG,0.11133172363042831,False,False,True,0.0013666003942489624,
4,17,44,head_7,recovery,-0.0498046875,-0.2525848150253296,2086,CGGACA,4.65234375,1446,CAGACA,4.6796875,1446,CAGACA,4.6796875,662,AGACAC,0.038924865424633026,2583,GAACAG,0.13795429468154907,2583,GAACAG,0.13795429468154907,False,False,True,-0.006328865885734558,
4,18,44,head_7,recovery,0.0,-0.2461763620376587,2086,CGGACA,4.6640625,1446,CAGACA,4.68359375,1446,CAGACA,4.68359375,662,AGACAC,0.03895333781838417,2583,GAACAG,0.13738484680652618,2583,GAACAG,0.13738484680652618,False,False,True,-0.006686501204967499,
4,19,44,head_7,recovery,0.0498046875,-0.2619279623031616,2086,CGGACA,4.640625,1446,CAGACA,4.65234375,1446,CAGACA,4.65234375,662,AGACAC,0.04232895374298096,2583,GAACAG,0.1422301083803177,2583,GAACAG,0.1422301083803177,False,False,True,-0.00970795750617981,
4,20,44,head_7,recovery,0.0498046875,0.01149451732635498,2086,CGGACA,4.6953125,1446,CAGACA,4.70703125,1446,CAGACA,4.70703125,662,AGACAC,0.039215825498104095,2583,GAACAG,0.11360638588666916,2583,GAACAG,0.11360638588666916,False,False,True,-0.0006365180015563965,
4,21,44,head_7,recovery,0.0498046875,0.010911881923675537,2086,CGGACA,4.68359375,1446,CAGACA,4.6953125,1446,CAGACA,4.6953125,662,AGACAC,0.03831840679049492,2583,GAACAG,0.11276332288980484,2583,GAACAG,0.11276332288980484,False,False,True,-0.0006091073155403137,
4,22,44,head_7,recovery,0.02490234375,0.03382021188735962,2086,CGGACA,4.69921875,1446,CAGACA,4.71484375,1446,CAGACA,4.71484375,662,AGACAC,0.036613307893276215,2583,GAACAG,0.1089208573102951,2583,GAACAG,0.1089208573102951,False,False,True,0.00022950023412704468,
4,23,44,head_7,recovery,0.02490234375,-3.921985626220703e-05,2086,CGGACA,4.6953125,1446,CAGACA,4.7109375,1446,CAGACA,4.7109375,662,AGACAC,0.03666708618402481,2583,GAACAG,0.11213375627994537,2583,GAACAG,0.11213375627994537,False,False,True,-0.0001979619264602661,
4,24,44,head_7,recovery,0.0,-0.0019103288650512695,2086,CGGACA,4.69921875,1446,CAGACA,4.71875,1446,CAGACA,4.71875,662,AGACAC,0.03707374259829521,2583,GAACAG,0.1127149909734726,2583,GAACAG,0.1127149909734726,False,False,True,-0.00034424662590026855,
4,25,44,head_7,recovery,0.0,-0.010208725929260254,2086,CGGACA,4.6875,1446,CAGACA,4.70703125,1446,CAGACA,4.70703125,662,AGACAC,0.03782955929636955,2583,GAACAG,0.11424505710601807,2583,GAACAG,0.11424505710601807,False,False,True,-0.00026420503854751587,
4,26,44,head_7,recovery,0.0,-0.0008521080017089844,2086,CGGACA,4.69140625,1446,CAGACA,4.7109375,1446,CAGACA,4.7109375,662,AGACAC,0.03756166622042656,2583,GAACAG,0.11310417950153351,2583,GAACAG,0.11310417950153351,False,False,True,-0.00020191073417663574,
4,27,44,head_7,recovery,0.02490234375,0.004075407981872559,2086,CGGACA,4.6875,1446,CAGACA,4.703125,1446,CAGACA,4.703125,662,AGACAC,0.03764181584119797,2583,GAACAG,0.11272458732128143,2583,GAACAG,0.11272458732128143,False,False,True,-0.00037807226181030273,
4,28,44,head_7,recovery,0.0,-0.00041615962982177734,2086,CGGACA,4.68359375,1446,CAGACA,4.703125,1446,CAGACA,4.703125,662,AGACAC,0.037544019520282745,2583,GAACAG,0.11304585635662079,2583,GAACAG,0.11304585635662079,False,False,True,1.6517937183380127e-05,
4,29,44,head_7,recovery,0.0,0.01425856351852417,2086,CGGACA,4.68359375,1446,CAGACA,4.703125,1446,CAGACA,4.703125,662,AGACAC,0.03747541457414627,2583,GAACAG,0.11160808801651001,2583,GAACAG,0.11160808801651001,False,False,True,-0.0003402829170227051,
4,30,44,head_7,recovery,0.0,-0.00034499168395996094,2086,CGGACA,4.67578125,1446,CAGACA,4.6953125,1446,CAGACA,4.6953125,662,AGACAC,0.03781478852033615,2583,GAACAG,0.11330998688936234,2583,GAACAG,0.11330998688936234,False,False,True,0.00013139843940734863,
4,31,44,head_7,recovery,0.0,0.0068964362144470215,2086,CGGACA,4.671875,1446,CAGACA,4.69140625,1446,CAGACA,4.69140625,662,AGACAC,0.03790270537137985,2583,GAACAG,0.11272227019071579,2583,GAACAG,0.11272227019071579,False,False,True,-0.00028830021619796753,
5,0,44,head_7,recovery,0.0,0.0026911497116088867,2086,CGGACA,4.68359375,1446,CAGACA,4.703125,1446,CAGACA,4.703125,662,AGACAC,0.03754806891083717,2583,GAACAG,0.11275999993085861,2583,GAACAG,0.11275999993085861,False,False,True,-0.00041759759187698364,
5,1,44,head_7,recovery,0.0,0.006396651268005371,2086,CGGACA,4.6796875,1446,CAGACA,4.69921875,1446,CAGACA,4.69921875,662,AGACAC,0.03760383278131485,2583,GAACAG,0.11247003078460693,2583,GAACAG,0.11247003078460693,False,False,True,-0.0001031830906867981,
5,2,44,head_7,recovery,-0.025390625,0.005853533744812012,2086,CGGACA,4.68359375,1446,CAGACA,4.70703125,1446,CAGACA,4.70703125,662,AGACAC,0.037707891315221786,2583,GAACAG,0.11262476444244385,2583,GAACAG,0.11262476444244385,False,False,True,0.00011887401342391968,
5,3,44,head_7,recovery,0.0,0.006204009056091309,2086,CGGACA,4.68359375,1446,CAGACA,4.703125,1446,CAGACA,4.703125,662,AGACAC,0.0374426543712616,2583,GAACAG,0.11232682317495346,2583,GAACAG,0.11232682317495346,False,False,True,0.00021240860223770142,
5,4,44,head_7,recovery,-0.025390625,-0.0007134675979614258,2086,CGGACA,4.6875,1446,CAGACA,4.7109375,1446,CAGACA,4.7109375,662,AGACAC,0.037388429045677185,2583,GAACAG,0.11291801184415817,2583,GAACAG,0.11291801184415817,False,False,True,0.00019083917140960693,
5,5,44,head_7,recovery,0.0,-0.0009293556213378906,2086,CGGACA,4.69140625,1446,CAGACA,4.7109375,1446,CAGACA,4.7109375,662,AGACAC,0.03733788803219795,2583,GAACAG,0.11288760602474213,2583,GAACAG,0.11288760602474213,False,False,True,0.0001359805464744568,
5,6,44,head_7,recovery,0.0,0.01099175214767456,2086,CGGACA,4.68359375,1446,CAGACA,4.703125,1446,CAGACA,4.703125,662,AGACAC,0.037686608731746674,2583,GAACAG,0.11212407797574997,2583,GAACAG,0.11212407797574997,False,False,True,-0.00013371556997299194,
5,7,44,head_7,recovery,0.0,0.0018962621688842773,2086,CGGACA,4.68359375,1446,CAGACA,4.703125,1446,CAGACA,4.703125,662,AGACAC,0.03739998862147331,2583,GAACAG,0.11268607527017593,2583,GAACAG,0.11268607527017593,False,False,True,0.00041820108890533447,
5,8,44,head_7,recovery,0.0,0.0030404329299926758,2086,CGGACA,4.68359375,1446,CAGACA,4.703125,1446,CAGACA,4.703125,662,AGACAC,0.038049086928367615,2583,GAACAG,0.11322842538356781,2583,GAACAG,0.11322842538356781,False,False,True,0.00021162629127502441,
5,9,44,head_7,recovery,-0.025390625,-0.0030531883239746094,2086,CGGACA,4.68359375,1446,CAGACA,4.70703125,1446,CAGACA,4.70703125,662,AGACAC,0.03765690699219704,2583,GAACAG,0.1134047880768776,2583,GAACAG,0.1134047880768776,False,False,True,0.0003935322165489197,
5,10,44,head_7,recovery,-0.025390625,0.005925893783569336,2086,CGGACA,4.69140625,1446,CAGACA,4.71484375,1446,CAGACA,4.71484375,662,AGACAC,0.03754149749875069,2583,GAACAG,0.11245162039995193,2583,GAACAG,0.11245162039995193,False,False,True,0.0008398666977882385,
5,11,44,head_7,recovery,-0.0498046875,-0.005355954170227051,2086,CGGACA,4.68359375,1446,CAGACA,4.7109375,1446,CAGACA,4.7109375,662,AGACAC,0.037716299295425415,2583,GAACAG,0.11367902904748917,2583,GAACAG,0.11367902904748917,False,False,True,0.0014400705695152283,
5,12,44,head_7,recovery,-0.025390625,0.0027657747268676758,2086,CGGACA,4.6796875,1446,CAGACA,4.703125,1446,CAGACA,4.703125,662,AGACAC,0.038085684180259705,2583,GAACAG,0.11329064518213272,2583,GAACAG,0.11329064518213272,False,False,True,0.001238204538822174,
5,13,44,head_7,recovery,-0.025390625,-0.011184334754943848,2086,CGGACA,4.66796875,1446,CAGACA,4.69140625,1446,CAGACA,4.69140625,662,AGACAC,0.038118451833724976,2583,GAACAG,0.11462496966123581,2583,GAACAG,0.11462496966123581,False,False,True,0.0003909468650817871,
5,14,44,head_7,recovery,-0.025390625,-0.002542257308959961,2086,CGGACA,4.671875,1446,CAGACA,4.6953125,1446,CAGACA,4.6953125,662,AGACAC,0.03794701024889946,2583,GAACAG,0.1136472225189209,2583,GAACAG,0.1136472225189209,False,False,True,-0.00032009929418563843,
5,15,44,head_7,recovery,0.0,-0.021438956260681152,2086,CGGACA,4.671875,1446,CAGACA,4.69140625,1446,CAGACA,4.69140625,662,AGACAC,0.037408556789159775,2583,GAACAG,0.11487183719873428,2583,GAACAG,0.11487183719873428,False,False,True,-9.213387966156006e-05,
5,16,44,head_7,recovery,0.0,-0.006187319755554199,2086,CGGACA,4.6875,1446,CAGACA,4.70703125,1446,CAGACA,4.70703125,662,AGACAC,0.03748026490211487,2583,GAACAG,0.1135205551981926,2583,GAACAG,0.1135205551981926,False,False,True,4.461407661437988e-05,
5,17,44,head_7,recovery,0.0,-0.014197349548339844,2086,CGGACA,4.68359375,1446,CAGACA,4.703125,1446,CAGACA,4.703125,662,AGACAC,0.03800685703754425,2583,GAACAG,0.11479449272155762,2583,GAACAG,0.11479449272155762,False,False,True,0.0011632516980171204,
5,18,44,head_7,recovery,-0.025390625,-0.024018406867980957,2086,CGGACA,4.6953125,1446,CAGACA,4.71875,1446,CAGACA,4.71875,662,AGACAC,0.036930788308382034,2583,GAACAG,0.11463474482297897,2583,GAACAG,0.11463474482297897,False,False,True,0.0014647096395492554,
5,19,44,head_7,recovery,0.02490234375,-0.0987088680267334,2086,CGGACA,4.66015625,1446,CAGACA,4.67578125,1446,CAGACA,4.67578125,662,AGACAC,0.03809747099876404,2583,GAACAG,0.12277012318372726,2583,GAACAG,0.12277012318372726,False,False,True,-0.001216404139995575,
5,20,44,head_7,recovery,0.02490234375,-0.19817161560058594,2086,CGGACA,4.67578125,1446,CAGACA,4.69140625,1446,CAGACA,4.69140625,662,AGACAC,0.038818154484033585,2583,GAACAG,0.13277077674865723,2583,GAACAG,0.13277077674865723,False,False,True,-0.0032477155327796936,
5,21,44,head_7,recovery,0.02490234375,-0.20491039752960205,2086,CGGACA,4.6796875,1446,CAGACA,4.6953125,1446,CAGACA,4.6953125,662,AGACAC,0.03627563267946243,2583,GAACAG,0.13085699081420898,2583,GAACAG,0.13085699081420898,False,False,True,-0.004019849002361298,
5,22,44,head_7,recovery,0.0,-0.09246182441711426,2086,CGGACA,4.703125,1446,CAGACA,4.72265625,1446,CAGACA,4.72265625,662,AGACAC,0.035833872854709625,2583,GAACAG,0.1199236661195755,2583,GAACAG,0.1199236661195755,False,False,True,-0.0022196173667907715,
5,23,44,head_7,recovery,-0.025390625,0.007330417633056641,2086,CGGACA,4.6796875,1446,CAGACA,4.703125,1446,CAGACA,4.703125,662,AGACAC,0.03580840677022934,2583,GAACAG,0.11058748513460159,2583,GAACAG,0.11058748513460159,False,False,True,-0.0015190914273262024,
5,24,44,head_7,recovery,-0.025390625,-0.0031224489212036133,2086,CGGACA,4.6796875,1446,CAGACA,4.703125,1446,CAGACA,4.703125,662,AGACAC,0.03809095174074173,2583,GAACAG,0.11384529620409012,2583,GAACAG,0.11384529620409012,False,False,True,-0.0008413493633270264,
5,25,44,head_7,recovery,-0.025390625,-0.018734335899353027,2086,CGGACA,4.68359375,1446,CAGACA,4.70703125,1446,CAGACA,4.70703125,662,AGACAC,0.03740168735384941,2583,GAACAG,0.1146126314997673,2583,GAACAG,0.1146126314997673,False,False,True,-0.0004888549447059631,
5,26,44,head_7,recovery,-0.025390625,-0.012131571769714355,2086,CGGACA,4.6953125,1446,CAGACA,4.71875,1446,CAGACA,4.71875,662,AGACAC,0.0376351997256279,2583,GAACAG,0.11423009634017944,2583,GAACAG,0.11423009634017944,False,False,True,-0.0002979859709739685,
5,27,44,head_7,recovery,0.0498046875,-0.03640592098236084,2086,CGGACA,4.703125,1446,CAGACA,4.71484375,1446,CAGACA,4.71484375,662,AGACAC,0.03757305070757866,2583,GAACAG,0.11643277108669281,2583,GAACAG,0.11643277108669281,False,False,True,-0.00034961849451065063,
5,28,44,head_7,recovery,0.02490234375,-0.030602097511291504,2086,CGGACA,4.6953125,1446,CAGACA,4.7109375,1446,CAGACA,4.7109375,662,AGACAC,0.037123192101716995,2583,GAACAG,0.11544141173362732,2583,GAACAG,0.11544141173362732,False,False,True,-0.0001084059476852417,
5,29,44,head_7,recovery,-0.025390625,-0.022307157516479492,2086,CGGACA,4.6953125,1446,CAGACA,4.71875,1446,CAGACA,4.71875,662,AGACAC,0.036972954869270325,2583,GAACAG,0.11451724171638489,2583,GAACAG,0.11451724171638489,False,False,True,0.000609077513217926,
5,30,44,head_7,recovery,0.0,-0.013015270233154297,2086,CGGACA,4.69140625,1446,CAGACA,4.7109375,1446,CAGACA,4.7109375,662,AGACAC,0.03728235885500908,2583,GAACAG,0.11395970731973648,2583,GAACAG,0.11395970731973648,False,False,True,-0.0002641826868057251,
5,31,44,head_7,recovery,-0.025390625,0.007826149463653564,2086,CGGACA,4.68359375,1446,CAGACA,4.70703125,1446,CAGACA,4.70703125,662,AGACAC,0.037494707852602005,2583,GAACAG,0.11222752928733826,2583,GAACAG,0.11222752928733826,False,False,True,0.0002749711275100708,
6,0,44,head_7,recovery,-0.025390625,-0.010704994201660156,2086,CGGACA,4.6953125,1446,CAGACA,4.71875,1446,CAGACA,4.71875,662,AGACAC,0.03742057830095291,2583,GAACAG,0.11388237774372101,2583,GAACAG,0.11388237774372101,False,False,True,0.00048226863145828247,
6,1,44,head_7,recovery,0.0,-0.007274627685546875,2086,CGGACA,4.69140625,1446,CAGACA,4.7109375,1446,CAGACA,4.7109375,662,AGACAC,0.036930572241544724,2583,GAACAG,0.11307231336832047,2583,GAACAG,0.11307231336832047,False,False,True,0.0005583092570304871,
6,2,44,head_7,recovery,0.0,0.006036281585693359,2086,CGGACA,4.69140625,1446,CAGACA,4.7109375,1446,CAGACA,4.7109375,662,AGACAC,0.03764833137392998,2583,GAACAG,0.11254815757274628,2583,GAACAG,0.11254815757274628,False,False,True,-7.695704698562622e-05,
6,3,44,head_7,recovery,-0.025390625,0.014320790767669678,2086,CGGACA,4.6875,1446,CAGACA,4.7109375,1446,CAGACA,4.7109375,662,AGACAC,0.03727519139647484,2583,GAACAG,0.11140206456184387,2583,GAACAG,0.11140206456184387,False,False,True,0.00031122565269470215,
6,4,44,head_7,recovery,-0.025390625,0.0009933710098266602,2086,CGGACA,4.69140625,1446,CAGACA,4.71484375,1446,CAGACA,4.71484375,662,AGACAC,0.03745294734835625,2583,GAACAG,0.11282327771186829,2583,GAACAG,0.11282327771186829,False,False,True,0.0002048388123512268,
6,5,44,head_7,recovery,-0.025390625,0.012978911399841309,2086,CGGACA,4.68359375,1446,CAGACA,4.70703125,1446,CAGACA,4.70703125,662,AGACAC,0.03745655342936516,2583,GAACAG,0.1117086187005043,2583,GAACAG,0.1117086187005043,False,False,True,0.000279448926448822,
6,6,44,head_7,recovery,0.0,-0.002728700637817383,2086,CGGACA,4.69140625,1446,CAGACA,4.7109375,1446,CAGACA,4.7109375,662,AGACAC,0.036764826625585556,2583,GAACAG,0.11248242110013962,2583,GAACAG,0.11248242110013962,False,False,True,0.0005776733160018921,
6,7,44,head_7,recovery,0.0,0.00940614938735962,2086,CGGACA,4.69140625,1446,CAGACA,4.7109375,1446,CAGACA,4.7109375,662,AGACAC,0.03747224807739258,2583,GAACAG,0.1120576560497284,2583,GAACAG,0.1120576560497284,False,False,True,0.00021952390670776367,
6,8,44,head_7,recovery,0.0,-0.016674399375915527,2086,CGGACA,4.69140625,1446,CAGACA,4.7109375,1446,CAGACA,4.7109375,662,AGACAC,0.03708972409367561,2583,GAACAG,0.11410847306251526,2583,GAACAG,0.11410847306251526,False,False,True,0.00010383874177932739,
6,9,44,head_7,recovery,-0.0498046875,-0.027613282203674316,2086,CGGACA,4.6796875,1446,CAGACA,4.70703125,1446,CAGACA,4.70703125,662,AGACAC,0.03759820759296417,2583,GAACAG,0.11563756316900253,2583,GAACAG,0.11563756316900253,False,False,True,-0.00011033564805984497,
6,10,44,head_7,recovery,0.0,-0.028844237327575684,2086,CGGACA,4.68359375,1446,CAGACA,4.703125,1446,CAGACA,4.703125,662,AGACAC,0.037517648190259933,2583,GAACAG,0.11567185074090958,2583,GAACAG,0.11567185074090958,False,False,True,-0.00018803775310516357,
6,11,44,head_7,recovery,0.0,0.0038396120071411133,2086,CGGACA,4.69140625,1446,CAGACA,4.7109375,1446,CAGACA,4.7109375,662,AGACAC,0.03674976900219917,2583,GAACAG,0.11185454577207565,2583,GAACAG,0.11185454577207565,False,False,True,0.00039432942867279053,
6,12,44,head_7,recovery,0.0,0.028712034225463867,2086,CGGACA,4.6796875,1446,CAGACA,4.69921875,1446,CAGACA,4.69921875,662,AGACAC,0.03748089820146561,2583,GAACAG,0.11026504635810852,2583,GAACAG,0.11026504635810852,False,False,True,7.563084363937378e-05,
6,13,44,head_7,recovery,-0.025390625,0.023719429969787598,2086,CGGACA,4.6640625,1446,CAGACA,4.6875,1446,CAGACA,4.6875,662,AGACAC,0.03754258528351784,2583,GAACAG,0.11079255491495132,2583,GAACAG,0.11079255491495132,False,False,True,-0.000529065728187561,
6,14,44,head_7,recovery,-0.025390625,-0.00440371036529541,2086,CGGACA,4.64453125,1446,CAGACA,4.66796875,1606,CCAACA,4.671875,662,AGACAC,0.038389142602682114,2583,GAACAG,0.11426302790641785,2583,GAACAG,0.11426302790641785,False,False,True,-0.00149507075548172,
6,15,44,head_7,recovery,0.0,-0.01477205753326416,2086,CGGACA,4.671875,1446,CAGACA,4.69140625,1446,CAGACA,4.69140625,662,AGACAC,0.038073331117630005,2583,GAACAG,0.11491458863019943,2583,GAACAG,0.11491458863019943,False,False,True,-0.0009823516011238098,
6,16,44,head_7,recovery,0.0,0.019296228885650635,2086,CGGACA,4.67578125,1446,CAGACA,4.6953125,1446,CAGACA,4.6953125,662,AGACAC,0.03758557140827179,2583,GAACAG,0.11124822497367859,2583,GAACAG,0.11124822497367859,False,False,True,-0.0004326850175857544,
6,17,44,head_7,recovery,0.0,-0.008379578590393066,2086,CGGACA,4.73046875,1446,CAGACA,4.75,1446,CAGACA,4.75,662,AGACAC,0.0373908169567585,2583,GAACAG,0.11363564431667328,2583,GAACAG,0.11363564431667328,False,False,True,0.004887841641902924,
6,18,44,head_7,recovery,0.0751953125,0.025709569454193115,2086,CGGACA,4.75390625,1446,CAGACA,4.76171875,1446,CAGACA,4.76171875,662,AGACAC,0.03784431889653206,2583,GAACAG,0.11090860515832901,2583,GAACAG,0.11090860515832901,False,False,True,0.00739172101020813,
6,19,44,head_7,recovery,0.125,-0.03521430492401123,2086,CGGACA,4.73046875,1446,CAGACA,4.73046875,1446,CAGACA,4.73046875,662,AGACAC,0.039630111306905746,2583,GAACAG,0.118378646671772,2583,GAACAG,0.118378646671772,False,False,True,0.005333520472049713,
6,20,44,head_7,recovery,0.125,0.0134010910987854,2086,CGGACA,4.69140625,1446,CAGACA,4.69140625,1446,CAGACA,4.69140625,662,AGACAC,0.039911143481731415,2583,GAACAG,0.11412382125854492,2583,GAACAG,0.11412382125854492,False,False,True,0.00010983645915985107,
6,21,44,head_7,recovery,0.14990234375,0.032541096210479736,2086,CGGACA,4.68359375,1446,CAGACA,4.6796875,2086,CGGACA,4.68359375,662,AGACAC,0.03978333622217178,2583,GAACAG,0.1122102290391922,2583,GAACAG,0.1122102290391922,True,False,True,-0.00042422860860824585,
6,22,44,head_7,recovery,0.14990234375,0.02347850799560547,2086,CGGACA,4.703125,1446,CAGACA,4.69921875,2086,CGGACA,4.703125,662,AGACAC,0.037025243043899536,2583,GAACAG,0.11029768735170364,2583,GAACAG,0.11029768735170364,True,False,True,0.0009766966104507446,
6,23,44,head_7,recovery,0.2001953125,0.03526508808135986,2086,CGGACA,4.71484375,1446,CAGACA,4.703125,2086,CGGACA,4.71484375,662,AGACAC,0.03783116862177849,2583,GAACAG,0.11000391095876694,2583,GAACAG,0.11000391095876694,True,False,True,0.0011755600571632385,
6,24,44,head_7,recovery,0.0498046875,-0.028785347938537598,2086,CGGACA,4.69140625,1446,CAGACA,4.703125,1446,CAGACA,4.703125,662,AGACAC,0.0379822701215744,2583,GAACAG,0.11613098531961441,2583,GAACAG,0.11613098531961441,False,False,True,-0.000286102294921875,
6,25,44,head_7,recovery,0.02490234375,0.006987810134887695,2086,CGGACA,4.69140625,1446,CAGACA,4.70703125,1446,CAGACA,4.70703125,662,AGACAC,0.03792278841137886,2583,GAACAG,0.11273382604122162,2583,GAACAG,0.11273382604122162,False,False,True,0.00031025707721710205,
6,26,44,head_7,recovery,-0.025390625,0.011813223361968994,2086,CGGACA,4.69921875,1446,CAGACA,4.72265625,1446,CAGACA,4.72265625,662,AGACAC,0.03775964677333832,2583,GAACAG,0.11212047189474106,2583,GAACAG,0.11212047189474106,False,False,True,-0.0001248866319656372,
6,27,44,head_7,recovery,-0.0751953125,-0.0077048540115356445,2086,CGGACA,4.6875,1446,CAGACA,4.71875,1446,CAGACA,4.71875,662,AGACAC,0.03627593070268631,2583,GAACAG,0.11245781183242798,2583,GAACAG,0.11245781183242798,False,False,True,0.0003544911742210388,
6,28,44,head_7,recovery,-0.0498046875,0.0023067593574523926,2086,CGGACA,4.69140625,1446,CAGACA,4.71875,1446,CAGACA,4.71875,662,AGACAC,0.0363863930106163,2583,GAACAG,0.11163417994976044,2583,GAACAG,0.11163417994976044,False,False,True,7.268786430358887e-05,
6,29,44,head_7,recovery,-0.025390625,0.0252227783203125,2086,CGGACA,4.6875,1446,CAGACA,4.7109375,1446,CAGACA,4.7109375,662,AGACAC,0.037187617272138596,2583,GAACAG,0.1102973148226738,2583,GAACAG,0.1102973148226738,False,False,True,0.00013709813356399536,
6,30,44,head_7,recovery,0.0,0.010977208614349365,2086,CGGACA,4.68359375,1446,CAGACA,4.703125,1446,CAGACA,4.703125,662,AGACAC,0.037372034043073654,2583,GAACAG,0.11181085556745529,2583,GAACAG,0.11181085556745529,False,False,True,0.00020927190780639648,
6,31,44,head_7,recovery,0.0,0.010885775089263916,2086,CGGACA,4.68359375,1446,CAGACA,4.703125,1446,CAGACA,4.703125,662,AGACAC,0.037385739386081696,2583,GAACAG,0.11183309555053711,2583,GAACAG,0.11183309555053711,False,False,True,0.00044286251068115234,
7,0,44,head_7,recovery,0.0,-0.0007653236389160156,2086,CGGACA,4.68359375,1446,CAGACA,4.703125,1446,CAGACA,4.703125,662,AGACAC,0.037772972136735916,2583,GAACAG,0.1133073940873146,2583,GAACAG,0.1133073940873146,False,False,True,-4.392117261886597e-05,
7,1,44,head_7,recovery,0.02490234375,0.01741790771484375,2086,CGGACA,4.6875,1446,CAGACA,4.703125,1446,CAGACA,4.703125,662,AGACAC,0.03718613460659981,2583,GAACAG,0.11102403700351715,2583,GAACAG,0.11102403700351715,False,False,True,0.0004600435495376587,
7,2,44,head_7,recovery,0.0,0.042025744915008545,2086,CGGACA,4.69140625,1446,CAGACA,4.7109375,1446,CAGACA,4.7109375,662,AGACAC,0.0371822826564312,2583,GAACAG,0.10872425138950348,2583,GAACAG,0.10872425138950348,False,False,True,0.0003429204225540161,
7,3,44,head_7,recovery,0.0,0.05892664194107056,2086,CGGACA,4.69140625,1446,CAGACA,4.7109375,1446,CAGACA,4.7109375,662,AGACAC,0.03730728104710579,2583,GAACAG,0.10727237164974213,2583,GAACAG,0.10727237164974213,False,False,True,0.0011167898774147034,
7,4,44,head_7,recovery,-0.025390625,0.02287071943283081,2086,CGGACA,4.6953125,1446,CAGACA,4.71875,1446,CAGACA,4.71875,662,AGACAC,0.03718185797333717,2583,GAACAG,0.11051100492477417,2583,GAACAG,0.11051100492477417,False,False,True,0.0013176128268241882,
7,5,44,head_7,recovery,0.0,0.014753878116607666,2086,CGGACA,4.69140625,1446,CAGACA,4.7109375,1446,CAGACA,4.7109375,662,AGACAC,0.03736700862646103,2583,GAACAG,0.11145346611738205,2583,GAACAG,0.11145346611738205,False,False,True,0.0010200440883636475,
7,6,44,head_7,recovery,-0.025390625,0.011208832263946533,2086,CGGACA,4.6953125,1446,CAGACA,4.71875,1446,CAGACA,4.71875,662,AGACAC,0.03759852796792984,2583,GAACAG,0.1120157465338707,2583,GAACAG,0.1120157465338707,False,False,True,0.0009457245469093323,
7,7,44,head_7,recovery,0.0,0.010566115379333496,2086,CGGACA,4.68359375,1446,CAGACA,4.703125,1446,CAGACA,4.703125,662,AGACAC,0.03734419494867325,2583,GAACAG,0.11182137578725815,2583,GAACAG,0.11182137578725815,False,False,True,0.0003782883286476135,
7,8,44,head_7,recovery,0.0,0.008609533309936523,2086,CGGACA,4.68359375,1446,CAGACA,4.703125,1446,CAGACA,4.703125,662,AGACAC,0.03728689253330231,2583,GAACAG,0.11194662749767303,2583,GAACAG,0.11194662749767303,False,False,True,-0.00010801851749420166,
7,9,44,head_7,recovery,0.0,-0.02021491527557373,2086,CGGACA,4.671875,1446,CAGACA,4.69140625,1446,CAGACA,4.69140625,662,AGACAC,0.03763884678483009,2583,GAACAG,0.11498792469501495,2583,GAACAG,0.11498792469501495,False,False,True,-0.001536644995212555,
7,10,44,head_7,recovery,-0.025390625,0.01023489236831665,2086,CGGACA,4.671875,1446,CAGACA,4.6953125,1446,CAGACA,4.6953125,662,AGACAC,0.03725888207554817,2583,GAACAG,0.11176697164773941,2583,GAACAG,0.11176697164773941,False,False,True,-0.0008976608514785767,
7,11,44,head_7,recovery,0.0,-0.011009812355041504,2086,CGGACA,4.6796875,1446,CAGACA,4.69921875,1446,CAGACA,4.69921875,662,AGACAC,0.03736651688814163,2583,GAACAG,0.11385675519704819,2583,GAACAG,0.11385675519704819,False,False,True,0.00034625083208084106,
7,12,44,head_7,recovery,-0.0498046875,-0.014019012451171875,2086,CGGACA,4.6953125,1446,CAGACA,4.72265625,1446,CAGACA,4.72265625,662,AGACAC,0.03710697591304779,2583,GAACAG,0.11387797445058823,2583,GAACAG,0.11387797445058823,False,False,True,0.0022477880120277405,
7,13,44,head_7,recovery,0.02490234375,0.009820103645324707,2086,CGGACA,4.67578125,1446,CAGACA,4.69140625,1446,CAGACA,4.69140625,662,AGACAC,0.03651074320077896,2583,GAACAG,0.11105752736330032,2583,GAACAG,0.11105752736330032,False,False,True,-0.0006084516644477844,
7,14,44,head_7,recovery,0.0751953125,-0.06245386600494385,2086,CGGACA,4.68359375,1446,CAGACA,4.69140625,1606,CCAACA,4.6953125,662,AGACAC,0.037603121250867844,2583,GAACAG,0.11889314651489258,2583,GAACAG,0.11889314651489258,False,False,True,-0.004218108952045441,
7,15,44,head_7,recovery,0.10009765625,-0.011835336685180664,2086,CGGACA,4.66015625,1446,CAGACA,4.6640625,1606,CCAACA,4.67578125,662,AGACAC,0.039244603365659714,2583,GAACAG,0.11581186950206757,2583,GAACAG,0.11581186950206757,False,False,True,-0.006438791751861572,
7,16,44,head_7,recovery,0.0498046875,-0.0998985767364502,2086,CGGACA,4.68359375,1446,CAGACA,4.6953125,1446,CAGACA,4.6953125,662,AGACAC,0.04009848088026047,2583,GAACAG,0.12488213181495667,2583,GAACAG,0.12488213181495667,False,False,True,-0.006313905119895935,
7,17,44,head_7,recovery,0.0,-0.008176088333129883,2086,CGGACA,4.67578125,1446,CAGACA,4.6953125,1446,CAGACA,4.6953125,662,AGACAC,0.04019830375909805,2583,GAACAG,0.11642415821552277,2583,GAACAG,0.11642415821552277,False,False,True,-0.002158626914024353,
7,18,44,head_7,recovery,-0.0498046875,-0.019934892654418945,2086,CGGACA,4.66796875,1446,CAGACA,4.6953125,1446,CAGACA,4.6953125,662,AGACAC,0.040010277181863785,2583,GAACAG,0.11733324080705643,2583,GAACAG,0.11733324080705643,False,False,True,-0.00242672860622406,
7,19,44,head_7,recovery,-0.025390625,-0.02042996883392334,2086,CGGACA,4.66796875,1446,CAGACA,4.69140625,1446,CAGACA,4.69140625,662,AGACAC,0.03967666998505592,2583,GAACAG,0.1170458197593689,2583,GAACAG,0.1170458197593689,False,False,True,-0.001949794590473175,
7,20,44,head_7,recovery,0.02490234375,-0.021792888641357422,2086,CGGACA,4.6796875,1446,CAGACA,4.6953125,1446,CAGACA,4.6953125,662,AGACAC,0.03887851908802986,2583,GAACAG,0.11637482792139053,2583,GAACAG,0.11637482792139053,False,False,True,-0.002299286425113678,
7,21,44,head_7,recovery,-0.025390625,-0.007612824440002441,2086,CGGACA,4.6796875,1446,CAGACA,4.703125,1446,CAGACA,4.703125,662,AGACAC,0.0390462800860405,2583,GAACAG,0.11521957814693451,2583,GAACAG,0.11521957814693451,False,False,True,-0.0002477392554283142,
7,22,44,head_7,recovery,0.02490234375,-0.011138319969177246,2086,CGGACA,4.6875,1446,CAGACA,4.703125,1446,CAGACA,4.703125,662,AGACAC,0.03971972316503525,2583,GAACAG,0.11622194945812225,2583,GAACAG,0.11622194945812225,False,False,True,1.1086463928222656e-05,
7,23,44,head_7,recovery,0.02490234375,-0.030034899711608887,2086,CGGACA,4.6796875,1446,CAGACA,4.6953125,1446,CAGACA,4.6953125,662,AGACAC,0.039524566382169724,2583,GAACAG,0.1177898645401001,2583,GAACAG,0.1177898645401001,False,False,True,-0.0001214444637298584,
7,24,44,head_7,recovery,-0.025390625,-0.01643514633178711,2086,CGGACA,4.6875,1446,CAGACA,4.7109375,1446,CAGACA,4.7109375,662,AGACAC,0.03860386088490486,2583,GAACAG,0.11560029536485672,2583,GAACAG,0.11560029536485672,False,False,True,1.9691884517669678e-05,
7,25,44,head_7,recovery,-0.0498046875,-0.004235029220581055,2086,CGGACA,4.68359375,1446,CAGACA,4.7109375,1446,CAGACA,4.7109375,662,AGACAC,0.03789408132433891,2583,GAACAG,0.11375222355127335,2583,GAACAG,0.11375222355127335,False,False,True,0.0002609267830848694,
7,26,44,head_7,recovery,0.0,-0.015184640884399414,2086,CGGACA,4.67578125,1446,CAGACA,4.6953125,1446,CAGACA,4.6953125,662,AGACAC,0.037809573113918304,2583,GAACAG,0.11468932777643204,2583,GAACAG,0.11468932777643204,False,False,True,-5.5633485317230225e-05,
7,27,44,head_7,recovery,0.0,-0.008302688598632812,2086,CGGACA,4.69140625,1446,CAGACA,4.7109375,1446,CAGACA,4.7109375,662,AGACAC,0.037071939557790756,2583,GAACAG,0.11330960690975189,2583,GAACAG,0.11330960690975189,False,False,True,0.00018393993377685547,
7,28,44,head_7,recovery,0.0,-0.0022536516189575195,2086,CGGACA,4.69140625,1446,CAGACA,4.7109375,1446,CAGACA,4.7109375,662,AGACAC,0.036588821560144424,2583,GAACAG,0.11226209998130798,2583,GAACAG,0.11226209998130798,False,False,True,0.00031387805938720703,
7,29,44,head_7,recovery,-0.025390625,0.0022580623626708984,2086,CGGACA,4.6875,1446,CAGACA,4.7109375,1446,CAGACA,4.7109375,662,AGACAC,0.03786370903253555,2583,GAACAG,0.11311604082584381,2583,GAACAG,0.11311604082584381,False,False,True,2.135336399078369e-05,
7,30,44,head_7,recovery,0.0,-0.006182074546813965,2086,CGGACA,4.69140625,1446,CAGACA,4.7109375,1446,CAGACA,4.7109375,662,AGACAC,0.03758182004094124,2583,GAACAG,0.11362162977457047,2583,GAACAG,0.11362162977457047,False,False,True,0.0004918426275253296,
7,31,44,head_7,recovery,-0.025390625,-0.005528092384338379,2086,CGGACA,4.6875,1446,CAGACA,4.7109375,1446,CAGACA,4.7109375,662,AGACAC,0.03750203922390938,2583,GAACAG,0.1134808212518692,2583,GAACAG,0.1134808212518692,False,False,True,0.00026929378509521484,
8,0,44,head_7,recovery,0.0,0.020267784595489502,2086,CGGACA,4.69140625,1446,CAGACA,4.7109375,1446,CAGACA,4.7109375,662,AGACAC,0.03760513290762901,2583,GAACAG,0.11117713898420334,2583,GAACAG,0.11117713898420334,False,False,True,5.7056546211242676e-05,
8,1,44,head_7,recovery,0.0,0.020317435264587402,2086,CGGACA,4.67578125,1446,CAGACA,4.6953125,1446,CAGACA,4.6953125,662,AGACAC,0.037483375519514084,2583,GAACAG,0.11105075478553772,2583,GAACAG,0.11105075478553772,False,False,True,0.0002102777361869812,
8,2,44,head_7,recovery,-0.025390625,0.021282315254211426,2086,CGGACA,4.68359375,1446,CAGACA,4.70703125,1446,CAGACA,4.70703125,662,AGACAC,0.037619173526763916,2583,GAACAG,0.11109652370214462,2583,GAACAG,0.11109652370214462,False,False,True,0.0004106685519218445,
8,3,44,head_7,recovery,-0.025390625,0.023296773433685303,2086,CGGACA,4.6875,1446,CAGACA,4.7109375,1446,CAGACA,4.7109375,662,AGACAC,0.03713949769735336,2583,GAACAG,0.11042889952659607,2583,GAACAG,0.11042889952659607,False,False,True,0.0006542205810546875,
8,4,44,head_7,recovery,-0.025390625,0.012399792671203613,2086,CGGACA,4.68359375,1446,CAGACA,4.70703125,1446,CAGACA,4.70703125,662,AGACAC,0.03751739114522934,2583,GAACAG,0.11182349175214767,2583,GAACAG,0.11182349175214767,False,False,True,1.7113983631134033e-05,
8,5,44,head_7,recovery,-0.025390625,0.014546215534210205,2086,CGGACA,4.68359375,1446,CAGACA,4.70703125,1446,CAGACA,4.70703125,662,AGACAC,0.03750146925449371,2583,GAACAG,0.11160730570554733,2583,GAACAG,0.11160730570554733,False,False,True,-0.0001332983374595642,
8,6,44,head_7,recovery,0.0,-0.001025557518005371,2086,CGGACA,4.68359375,1446,CAGACA,4.703125,1446,CAGACA,4.703125,662,AGACAC,0.03732360899448395,2583,GAACAG,0.11288230866193771,2583,GAACAG,0.11288230866193771,False,False,True,-0.0002505108714103699,
8,7,44,head_7,recovery,-0.025390625,0.01680690050125122,2086,CGGACA,4.6875,1446,CAGACA,4.7109375,1446,CAGACA,4.7109375,662,AGACAC,0.03785042464733124,2583,GAACAG,0.11174533516168594,2583,GAACAG,0.11174533516168594,False,False,True,9.939074516296387e-06,
8,8,44,head_7,recovery,-0.025390625,0.011294722557067871,2086,CGGACA,4.68359375,1446,CAGACA,4.70703125,1446,CAGACA,4.70703125,662,AGACAC,0.03697957471013069,2583,GAACAG,0.11138878017663956,2583,GAACAG,0.11138878017663956,False,False,True,0.000485055148601532,
8,9,44,head_7,recovery,0.0,-0.005394339561462402,2086,CGGACA,4.6875,1446,CAGACA,4.70703125,1446,CAGACA,4.70703125,662,AGACAC,0.03752238675951958,2583,GAACAG,0.11348869651556015,2583,GAACAG,0.11348869651556015,False,False,True,-1.224130392074585e-05,
8,10,44,head_7,recovery,-0.025390625,0.008229553699493408,2086,CGGACA,4.6875,1446,CAGACA,4.7109375,1446,CAGACA,4.7109375,662,AGACAC,0.037368688732385635,2583,GAACAG,0.11206387728452682,2583,GAACAG,0.11206387728452682,False,False,True,-4.044175148010254e-05,
8,11,44,head_7,recovery,-0.025390625,-0.02188742160797119,2086,CGGACA,4.69921875,1446,CAGACA,4.72265625,1446,CAGACA,4.72265625,662,AGACAC,0.03725820779800415,2583,GAACAG,0.11476333439350128,2583,GAACAG,0.11476333439350128,False,False,True,0.0009725615382194519,
8,12,44,head_7,recovery,-0.025390625,0.006880342960357666,2086,CGGACA,4.69140625,1446,CAGACA,4.71484375,1446,CAGACA,4.71484375,662,AGACAC,0.03770029917359352,2583,GAACAG,0.11252137273550034,2583,GAACAG,0.11252137273550034,False,False,True,0.00040971487760543823,
8,13,44,head_7,recovery,0.0,-0.006168842315673828,2086,CGGACA,4.69140625,1446,CAGACA,4.7109375,1446,CAGACA,4.7109375,662,AGACAC,0.037232059985399246,2583,GAACAG,0.11327062547206879,2583,GAACAG,0.11327062547206879,False,False,True,7.389485836029053e-05,
8,14,44,head_7,recovery,0.0498046875,0.011200368404388428,2086,CGGACA,4.68359375,1446,CAGACA,4.6953125,1446,CAGACA,4.6953125,662,AGACAC,0.037425022572278976,2583,GAACAG,0.1118430346250534,2583,GAACAG,0.1118430346250534,False,False,True,-0.0015055462718009949,
8,15,44,head_7,recovery,0.02490234375,-0.00435328483581543,2086,CGGACA,4.6796875,1446,CAGACA,4.6953125,1446,CAGACA,4.6953125,662,AGACAC,0.03711199387907982,2583,GAACAG,0.1129811704158783,2583,GAACAG,0.1129811704158783,False,False,True,-0.0005846396088600159,
8,16,44,head_7,recovery,0.0,-0.012604475021362305,2086,CGGACA,4.67578125,1446,CAGACA,4.6953125,1446,CAGACA,4.6953125,662,AGACAC,0.03872552141547203,2583,GAACAG,0.11536455154418945,2583,GAACAG,0.11536455154418945,False,False,True,-0.0016295835375785828,
8,17,44,head_7,recovery,0.0498046875,0.000824272632598877,2086,CGGACA,4.6796875,1446,CAGACA,4.69140625,1446,CAGACA,4.69140625,662,AGACAC,0.03864366188645363,2583,GAACAG,0.11402977257966995,2583,GAACAG,0.11402977257966995,False,False,True,0.0005657300353050232,
8,18,44,head_7,recovery,-0.025390625,-0.07565021514892578,2086,CGGACA,4.6796875,1446,CAGACA,4.703125,1446,CAGACA,4.703125,662,AGACAC,0.03890156000852585,2583,GAACAG,0.12142281234264374,2583,GAACAG,0.12142281234264374,False,False,True,-0.004432640969753265,
8,19,44,head_7,recovery,-0.025390625,-0.1484086513519287,2086,CGGACA,4.66015625,1446,CAGACA,4.68359375,1446,CAGACA,4.68359375,662,AGACAC,0.039128392934799194,2583,GAACAG,0.1284380853176117,2583,GAACAG,0.1284380853176117,False,False,True,-0.005032174289226532,
8,20,44,head_7,recovery,-0.275390625,-0.17970669269561768,2086,CGGACA,4.703125,1446,CAGACA,4.765625,1446,CAGACA,4.765625,662,AGACAC,0.03783318027853966,2583,GAACAG,0.1300630122423172,2583,GAACAG,0.1300630122423172,False,False,True,-0.00622432678937912,
8,21,44,head_7,recovery,-0.224609375,-0.11894810199737549,2086,CGGACA,4.6640625,1446,CAGACA,4.71875,1446,CAGACA,4.71875,662,AGACAC,0.03645598143339157,2583,GAACAG,0.12301696836948395,2583,GAACAG,0.12301696836948395,False,False,True,-0.005192413926124573,
8,22,44,head_7,recovery,-0.125,-0.02496778964996338,2086,CGGACA,4.6796875,1446,CAGACA,4.71875,1446,CAGACA,4.71875,662,AGACAC,0.038731738924980164,2583,GAACAG,0.11652427166700363,2583,GAACAG,0.11652427166700363,False,False,True,-0.005270630121231079,
8,23,44,head_7,recovery,0.0498046875,0.05971074104309082,2086,CGGACA,4.6640625,1446,CAGACA,4.67578125,1446,CAGACA,4.67578125,662,AGACAC,0.04222797602415085,2583,GAACAG,0.11211991310119629,2583,GAACAG,0.11211991310119629,False,False,True,-0.0059000104665756226,
8,24,44,head_7,recovery,0.10009765625,0.11704599857330322,2086,CGGACA,4.7109375,1446,CAGACA,4.71484375,1446,CAGACA,4.71484375,662,AGACAC,0.04288645088672638,2583,GAACAG,0.10742895305156708,2583,GAACAG,0.10742895305156708,False,False,True,-0.003003329038619995,
8,25,44,head_7,recovery,0.0,0.026289641857147217,2086,CGGACA,4.6953125,1446,CAGACA,4.71484375,1446,CAGACA,4.71484375,662,AGACAC,0.03890367969870567,2583,GAACAG,0.11191384494304657,2583,GAACAG,0.11191384494304657,False,False,True,-0.0012062489986419678,
8,26,44,head_7,recovery,0.02490234375,0.012250900268554688,2086,CGGACA,4.6953125,1446,CAGACA,4.7109375,1446,CAGACA,4.7109375,662,AGACAC,0.037459846585989,2583,GAACAG,0.1117798313498497,2583,GAACAG,0.1117798313498497,False,False,True,-0.00024360418319702148,
8,27,44,head_7,recovery,-0.025390625,-0.005991697311401367,2086,CGGACA,4.6796875,1446,CAGACA,4.703125,1446,CAGACA,4.703125,662,AGACAC,0.037052739411592484,2583,GAACAG,0.11307478696107864,2583,GAACAG,0.11307478696107864,False,False,True,0.00016752630472183228,
8,28,44,head_7,recovery,0.0,0.014217972755432129,2086,CGGACA,4.69140625,1446,CAGACA,4.7109375,1446,CAGACA,4.7109375,662,AGACAC,0.037156328558921814,2583,GAACAG,0.11129278689622879,2583,GAACAG,0.11129278689622879,False,False,True,0.00014399737119674683,
8,29,44,head_7,recovery,0.0,0.014062583446502686,2086,CGGACA,4.69140625,1446,CAGACA,4.7109375,1446,CAGACA,4.7109375,662,AGACAC,0.03733865171670914,2583,GAACAG,0.11148960888385773,2583,GAACAG,0.11148960888385773,False,False,True,0.00030162930488586426,
8,30,44,head_7,recovery,0.0,0.006903648376464844,2086,CGGACA,4.69140625,1446,CAGACA,4.7109375,1446,CAGACA,4.7109375,662,AGACAC,0.037764161825180054,2583,GAACAG,0.11258305609226227,2583,GAACAG,0.11258305609226227,False,False,True,7.195770740509033e-05,
8,31,44,head_7,recovery,0.0,0.02646660804748535,2086,CGGACA,4.68359375,1446,CAGACA,4.703125,1446,CAGACA,4.703125,662,AGACAC,0.03763401135802269,2583,GAACAG,0.1106276661157608,2583,GAACAG,0.1106276661157608,False,False,True,0.00028083473443984985,
9,0,44,head_7,recovery,0.0,0.0039536356925964355,2086,CGGACA,4.6796875,1446,CAGACA,4.69921875,1446,CAGACA,4.69921875,662,AGACAC,0.037572573870420456,2583,GAACAG,0.11266670376062393,2583,GAACAG,0.11266670376062393,False,False,True,0.0002733469009399414,
9,1,44,head_7,recovery,0.0,0.003219902515411377,2086,CGGACA,4.68359375,1446,CAGACA,4.703125,1446,CAGACA,4.703125,662,AGACAC,0.037660256028175354,2583,GAACAG,0.11282284557819366,2583,GAACAG,0.11282284557819366,False,False,True,0.0002869442105293274,
9,2,44,head_7,recovery,0.0,0.004728555679321289,2086,CGGACA,4.68359375,1446,CAGACA,4.703125,1446,CAGACA,4.703125,662,AGACAC,0.03764401748776436,2583,GAACAG,0.11266584694385529,2583,GAACAG,0.11266584694385529,False,False,True,0.0002989247441291809,
9,3,44,head_7,recovery,0.02490234375,0.0177992582321167,2086,CGGACA,4.68359375,1446,CAGACA,4.69921875,1446,CAGACA,4.69921875,662,AGACAC,0.037488117814064026,2583,GAACAG,0.11129043996334076,2583,GAACAG,0.11129043996334076,False,False,True,1.7181038856506348e-05,
9,4,44,head_7,recovery,0.0,0.015150725841522217,2086,CGGACA,4.68359375,1446,CAGACA,4.703125,1446,CAGACA,4.703125,662,AGACAC,0.03767950087785721,2583,GAACAG,0.11172893643379211,2583,GAACAG,0.11172893643379211,False,False,True,-4.075467586517334e-06,
9,5,44,head_7,recovery,0.0,0.008217215538024902,2086,CGGACA,4.68359375,1446,CAGACA,4.703125,1446,CAGACA,4.703125,662,AGACAC,0.037394940853118896,2583,GAACAG,0.11209128051996231,2583,GAACAG,0.11209128051996231,False,False,True,1.3276934623718262e-05,
9,6,44,head_7,recovery,0.0,-0.003199458122253418,2086,CGGACA,4.6796875,1446,CAGACA,4.69921875,1446,CAGACA,4.69921875,662,AGACAC,0.03734881803393364,2583,GAACAG,0.11311034113168716,2583,GAACAG,0.11311034113168716,False,False,True,0.00048226118087768555,
9,7,44,head_7,recovery,0.0,-0.013734579086303711,2086,CGGACA,4.68359375,1446,CAGACA,4.703125,1446,CAGACA,4.703125,662,AGACAC,0.03741927444934845,2583,GAACAG,0.11416374146938324,2583,GAACAG,0.11416374146938324,False,False,True,0.0004927292466163635,
9,8,44,head_7,recovery,0.0,-0.01194608211517334,2086,CGGACA,4.68359375,1446,CAGACA,4.703125,1446,CAGACA,4.703125,662,AGACAC,0.036958254873752594,2583,GAACAG,0.11353584378957748,2583,GAACAG,0.11353584378957748,False,False,True,0.0002909526228904724,
9,9,44,head_7,recovery,0.0,0.004966378211975098,2086,CGGACA,4.68359375,1446,CAGACA,4.703125,1446,CAGACA,4.703125,662,AGACAC,0.037467800080776215,2583,GAACAG,0.1124674454331398,2583,GAACAG,0.1124674454331398,False,False,True,0.00029715150594711304,
9,10,44,head_7,recovery,0.0,-0.004997611045837402,2086,CGGACA,4.68359375,1446,CAGACA,4.703125,1446,CAGACA,4.703125,662,AGACAC,0.03752891346812248,2583,GAACAG,0.11345821619033813,2583,GAACAG,0.11345821619033813,False,False,True,0.0002012401819229126,
9,11,44,head_7,recovery,0.0,0.0018823742866516113,2086,CGGACA,4.69140625,1446,CAGACA,4.7109375,1446,CAGACA,4.7109375,662,AGACAC,0.037209946662187576,2583,GAACAG,0.11249733716249466,2583,GAACAG,0.11249733716249466,False,False,True,6.102025508880615e-06,
9,12,44,head_7,recovery,-0.025390625,0.002650737762451172,2086,CGGACA,4.6875,1446,CAGACA,4.7109375,1446,CAGACA,4.7109375,662,AGACAC,0.03716942295432091,2583,GAACAG,0.11238511651754379,2583,GAACAG,0.11238511651754379,False,False,True,-0.0002763494849205017,
9,13,44,head_7,recovery,-0.025390625,0.015019834041595459,2086,CGGACA,4.6875,1446,CAGACA,4.7109375,1446,CAGACA,4.7109375,662,AGACAC,0.037244100123643875,2583,GAACAG,0.11130575090646744,2583,GAACAG,0.11130575090646744,False,False,True,-0.00048138201236724854,
9,14,44,head_7,recovery,0.0,0.030332565307617188,2086,CGGACA,4.68359375,1446,CAGACA,4.703125,1446,CAGACA,4.703125,662,AGACAC,0.03724784776568413,2583,GAACAG,0.10988080501556396,2583,GAACAG,0.10988080501556396,False,False,True,-0.0007044374942779541,
9,15,44,head_7,recovery,-0.025390625,0.046975910663604736,2086,CGGACA,4.6796875,1446,CAGACA,4.703125,1446,CAGACA,4.703125,662,AGACAC,0.03712617605924606,2583,GAACAG,0.10820628702640533,2583,GAACAG,0.10820628702640533,False,False,True,-0.0001463964581489563,
9,16,44,head_7,recovery,0.0,0.048882484436035156,2086,CGGACA,4.68359375,1446,CAGACA,4.703125,1446,CAGACA,4.703125,662,AGACAC,0.03706683963537216,2583,GAACAG,0.10796906799077988,2583,GAACAG,0.10796906799077988,False,False,True,0.00013512372970581055,
9,17,44,head_7,recovery,0.0,0.012183904647827148,2086,CGGACA,4.68359375,1446,CAGACA,4.703125,1446,CAGACA,4.703125,662,AGACAC,0.03790318965911865,2583,GAACAG,0.11222942918539047,2583,GAACAG,0.11222942918539047,False,False,True,-0.00010644644498825073,
9,18,44,head_7,recovery,-0.025390625,0.01645761728286743,2086,CGGACA,4.6796875,1446,CAGACA,4.703125,1446,CAGACA,4.703125,662,AGACAC,0.038770802319049835,2583,GAACAG,0.11269830167293549,2583,GAACAG,0.11269830167293549,False,False,True,-0.0006030872464179993,
9,19,44,head_7,recovery,-0.025390625,0.022499144077301025,2086,CGGACA,4.67578125,1446,CAGACA,4.69921875,1446,CAGACA,4.69921875,662,AGACAC,0.03937511891126633,2583,GAACAG,0.11273893713951111,2583,GAACAG,0.11273893713951111,False,False,True,-0.00103074312210083,
9,20,44,head_7,recovery,0.0,0.05056583881378174,2086,CGGACA,4.6796875,1446,CAGACA,4.69921875,1446,CAGACA,4.69921875,662,AGACAC,0.038855914026498795,2583,GAACAG,0.10960108786821365,2583,GAACAG,0.10960108786821365,False,False,True,-0.0005364939570426941,
9,21,44,head_7,recovery,-0.025390625,-0.023391127586364746,2086,CGGACA,4.6640625,1446,CAGACA,4.6875,1446,CAGACA,4.6875,662,AGACAC,0.03653409332036972,2583,GAACAG,0.11417952179908752,2583,GAACAG,0.11417952179908752,False,False,True,0.0006316378712654114,
9,22,44,head_7,recovery,0.0,-0.017967581748962402,2086,CGGACA,4.6796875,1446,CAGACA,4.69921875,1446,CAGACA,4.69921875,662,AGACAC,0.037210043519735336,2583,GAACAG,0.11434945464134216,2583,GAACAG,0.11434945464134216,False,False,True,0.000834934413433075,
9,23,44,head_7,recovery,-0.025390625,-0.05307316780090332,2086,CGGACA,4.671875,1446,CAGACA,4.6953125,1446,CAGACA,4.6953125,662,AGACAC,0.03703683614730835,2583,GAACAG,0.11745163053274155,2583,GAACAG,0.11745163053274155,False,False,True,0.0010173171758651733,
9,24,44,head_7,recovery,0.02490234375,-0.023251771926879883,2086,CGGACA,4.68359375,1446,CAGACA,4.69921875,1446,CAGACA,4.69921875,662,AGACAC,0.03849432244896889,2583,GAACAG,0.11612674593925476,2583,GAACAG,0.11612674593925476,False,False,True,8.603185415267944e-05,
9,25,44,head_7,recovery,0.02490234375,0.007606029510498047,2086,CGGACA,4.6796875,1446,CAGACA,4.6953125,1446,CAGACA,4.6953125,662,AGACAC,0.037878744304180145,2583,GAACAG,0.11263210326433182,2583,GAACAG,0.11263210326433182,False,False,True,0.000160999596118927,
9,26,44,head_7,recovery,0.02490234375,-0.002598285675048828,2086,CGGACA,4.69140625,1446,CAGACA,4.70703125,1446,CAGACA,4.70703125,662,AGACAC,0.03769088163971901,2583,GAACAG,0.11339632421731949,2583,GAACAG,0.11339632421731949,False,False,True,0.0002741292119026184,
9,27,44,head_7,recovery,0.0,-0.0022907257080078125,2086,CGGACA,4.6875,1446,CAGACA,4.70703125,1446,CAGACA,4.70703125,662,AGACAC,0.03746127709746361,2583,GAACAG,0.11313802003860474,2583,GAACAG,0.11313802003860474,False,False,True,0.0003071203827857971,
9,28,44,head_7,recovery,0.0,-0.006996631622314453,2086,CGGACA,4.68359375,1446,CAGACA,4.703125,1446,CAGACA,4.703125,662,AGACAC,0.037384483963251114,2583,GAACAG,0.11350028961896896,2583,GAACAG,0.11350028961896896,False,False,True,0.00011584162712097168,
9,29,44,head_7,recovery,0.0,-0.004865169525146484,2086,CGGACA,4.6875,1446,CAGACA,4.70703125,1446,CAGACA,4.70703125,662,AGACAC,0.037355609238147736,2583,GAACAG,0.11327254772186279,2583,GAACAG,0.11327254772186279,False,False,True,0.00034938007593154907,
9,30,44,head_7,recovery,-0.025390625,-0.00038039684295654297,2086,CGGACA,4.6875,1446,CAGACA,4.7109375,1446,CAGACA,4.7109375,662,AGACAC,0.037596445530653,2583,GAACAG,0.11309494823217392,2583,GAACAG,0.11309494823217392,False,False,True,0.00036221742630004883,
9,31,44,head_7,recovery,0.0,0.005615532398223877,2086,CGGACA,4.68359375,1446,CAGACA,4.703125,1446,CAGACA,4.703125,662,AGACAC,0.03734688460826874,2583,GAACAG,0.11228596419095993,2583,GAACAG,0.11228596419095993,False,False,True,-0.00013467669486999512,
10,0,44,head_7,recovery,0.0,0.012150168418884277,2086,CGGACA,4.68359375,1446,CAGACA,4.703125,1446,CAGACA,4.703125,662,AGACAC,0.037631019949913025,2583,GAACAG,0.11196041107177734,2583,GAACAG,0.11196041107177734,False,False,True,0.00023442506790161133,
10,1,44,head_7,recovery,0.0,-0.008032679557800293,2086,CGGACA,4.69140625,1446,CAGACA,4.7109375,1446,CAGACA,4.7109375,662,AGACAC,0.037472013384103775,2583,GAACAG,0.11368447542190552,2583,GAACAG,0.11368447542190552,False,False,True,0.0002526789903640747,
10,2,44,head_7,recovery,0.02490234375,0.00597304105758667,2086,CGGACA,4.6875,1446,CAGACA,4.703125,1446,CAGACA,4.703125,662,AGACAC,0.03779410198330879,2583,GAACAG,0.11269982159137726,2583,GAACAG,0.11269982159137726,False,False,True,0.00027454644441604614,
10,3,44,head_7,recovery,0.02490234375,-0.0018466711044311523,2086,CGGACA,4.69140625,1446,CAGACA,4.70703125,1446,CAGACA,4.70703125,662,AGACAC,0.03695894777774811,2583,GAACAG,0.11259425431489944,2583,GAACAG,0.11259425431489944,False,False,True,-6.671249866485596e-05,
10,4,44,head_7,recovery,0.02490234375,0.017400920391082764,2086,CGGACA,4.69140625,1446,CAGACA,4.70703125,1446,CAGACA,4.70703125,662,AGACAC,0.03699477016925812,2583,GAACAG,0.11083425581455231,2583,GAACAG,0.11083425581455231,False,False,True,-8.826702833175659e-05,
10,5,44,head_7,recovery,-0.025390625,-0.0101393461227417,2086,CGGACA,4.68359375,1446,CAGACA,4.70703125,1446,CAGACA,4.70703125,662,AGACAC,0.037107277661561966,2583,GAACAG,0.11351630091667175,2583,GAACAG,0.11351630091667175,False,False,True,-0.0007269009947776794,
10,6,44,head_7,recovery,-0.025390625,-0.01436471939086914,2086,CGGACA,4.6796875,1446,CAGACA,4.703125,1446,CAGACA,4.703125,662,AGACAC,0.03751516714692116,2583,GAACAG,0.11431841552257538,2583,GAACAG,0.11431841552257538,False,False,True,-0.000332564115524292,
10,7,44,head_7,recovery,0.0,-0.011952042579650879,2086,CGGACA,4.6796875,1446,CAGACA,4.69921875,1446,CAGACA,4.69921875,662,AGACAC,0.037551723420619965,2583,GAACAG,0.11412987112998962,2583,GAACAG,0.11412987112998962,False,False,True,-0.00030912458896636963,
10,8,44,head_7,recovery,0.0,0.0013240575790405273,2086,CGGACA,4.68359375,1446,CAGACA,4.703125,1446,CAGACA,4.703125,662,AGACAC,0.0374453142285347,2583,GAACAG,0.11278478801250458,2583,GAACAG,0.11278478801250458,False,False,True,0.0001932010054588318,
10,9,44,head_7,recovery,0.0,0.029151976108551025,2086,CGGACA,4.68359375,1446,CAGACA,4.703125,1446,CAGACA,4.703125,662,AGACAC,0.036744263023138046,2583,GAACAG,0.1094873696565628,2583,GAACAG,0.1094873696565628,False,False,True,0.00037601590156555176,
10,10,44,head_7,recovery,0.0,-0.007872939109802246,2086,CGGACA,4.67578125,1446,CAGACA,4.6953125,1446,CAGACA,4.6953125,662,AGACAC,0.03708607330918312,2583,GAACAG,0.11328363418579102,2583,GAACAG,0.11328363418579102,False,False,True,0.00018575042486190796,
10,11,44,head_7,recovery,-0.025390625,0.007744431495666504,2086,CGGACA,4.66796875,1446,CAGACA,4.69140625,1446,CAGACA,4.69140625,662,AGACAC,0.03701130300760269,2583,GAACAG,0.1117517501115799,2583,GAACAG,0.1117517501115799,False,False,True,-0.00028555095195770264,
10,12,44,head_7,recovery,-0.025390625,-0.02193903923034668,2086,CGGACA,4.6796875,1446,CAGACA,4.703125,1446,CAGACA,4.703125,662,AGACAC,0.03771112859249115,2583,GAACAG,0.11522107571363449,2583,GAACAG,0.11522107571363449,False,False,True,-0.0002301037311553955,
10,13,44,head_7,recovery,-0.025390625,-0.03539776802062988,2086,CGGACA,4.6875,1446,CAGACA,4.7109375,1446,CAGACA,4.7109375,662,AGACAC,0.03761545568704605,2583,GAACAG,0.11638111621141434,2583,GAACAG,0.11638111621141434,False,False,True,-0.002073332667350769,
10,14,44,head_7,recovery,0.0,-0.009685158729553223,2086,CGGACA,4.6953125,1446,CAGACA,4.71484375,1446,CAGACA,4.71484375,662,AGACAC,0.038037464022636414,2583,GAACAG,0.1144041121006012,2583,GAACAG,0.1144041121006012,False,False,True,-0.0023024901747703552,
10,15,44,head_7,recovery,0.0,-0.013219237327575684,2086,CGGACA,4.69921875,1446,CAGACA,4.71875,1446,CAGACA,4.71875,662,AGACAC,0.038031917065382004,2583,GAACAG,0.11472830176353455,2583,GAACAG,0.11472830176353455,False,False,True,-0.002260960638523102,
10,16,44,head_7,recovery,0.02490234375,-0.045876264572143555,2086,CGGACA,4.6953125,1446,CAGACA,4.7109375,1446,CAGACA,4.7109375,662,AGACAC,0.03812186419963837,2583,GAACAG,0.1178651824593544,2583,GAACAG,0.1178651824593544,False,False,True,-0.0020022690296173096,
10,17,44,head_7,recovery,0.0498046875,-0.03265023231506348,2086,CGGACA,4.6953125,1446,CAGACA,4.70703125,1446,CAGACA,4.70703125,662,AGACAC,0.037722181528806686,2583,GAACAG,0.11623150110244751,2583,GAACAG,0.11623150110244751,False,False,True,-0.0006180629134178162,
10,18,44,head_7,recovery,0.0,-0.034326791763305664,2086,CGGACA,4.67578125,1446,CAGACA,4.6953125,1446,CAGACA,4.6953125,662,AGACAC,0.03728707507252693,2583,GAACAG,0.11595280468463898,2583,GAACAG,0.11595280468463898,False,False,True,-0.0005609020590782166,
10,19,44,head_7,recovery,-0.025390625,0.019989371299743652,2086,CGGACA,4.68359375,1446,CAGACA,4.70703125,1446,CAGACA,4.70703125,662,AGACAC,0.03677934780716896,2583,GAACAG,0.11037733405828476,2583,GAACAG,0.11037733405828476,False,False,True,0.001262955367565155,
10,20,44,head_7,recovery,-0.025390625,-0.030622482299804688,2086,CGGACA,4.69140625,1446,CAGACA,4.71484375,1446,CAGACA,4.71484375,662,AGACAC,0.036731086671352386,2583,GAACAG,0.11505120992660522,2583,GAACAG,0.11505120992660522,False,False,True,0.00027254223823547363,
10,21,44,head_7,recovery,-0.0498046875,-0.05582296848297119,2086,CGGACA,4.69140625,1446,CAGACA,4.71875,1446,CAGACA,4.71875,662,AGACAC,0.037393659353256226,2583,GAACAG,0.1180650070309639,2583,GAACAG,0.1180650070309639,False,False,True,0.00019222497940063477,
10,22,44,head_7,recovery,-0.0498046875,-0.04363512992858887,2086,CGGACA,4.69140625,1446,CAGACA,4.71875,1446,CAGACA,4.71875,662,AGACAC,0.03910614177584648,2583,GAACAG,0.11864036321640015,2583,GAACAG,0.11864036321640015,False,False,True,0.00028518587350845337,
10,23,44,head_7,recovery,0.0,-0.017914772033691406,2086,CGGACA,4.68359375,1446,CAGACA,4.703125,1446,CAGACA,4.703125,662,AGACAC,0.039528023451566696,2583,GAACAG,0.11666249483823776,2583,GAACAG,0.11666249483823776,False,False,True,0.0006062090396881104,
10,24,44,head_7,recovery,0.02490234375,0.02568155527114868,2086,CGGACA,4.703125,1446,CAGACA,4.71875,1446,CAGACA,4.71875,662,AGACAC,0.03974747657775879,2583,GAACAG,0.11281437426805496,2583,GAACAG,0.11281437426805496,False,False,True,0.0001726970076560974,
10,25,44,head_7,recovery,0.0,0.016708791255950928,2086,CGGACA,4.6953125,1446,CAGACA,4.71484375,1446,CAGACA,4.71484375,662,AGACAC,0.03878556564450264,2583,GAACAG,0.11268962919712067,2583,GAACAG,0.11268962919712067,False,False,True,0.00036325305700302124,
10,26,44,head_7,recovery,0.02490234375,0.010470151901245117,2086,CGGACA,4.70703125,1446,CAGACA,4.72265625,1446,CAGACA,4.72265625,662,AGACAC,0.03850492462515831,2583,GAACAG,0.11299106478691101,2583,GAACAG,0.11299106478691101,False,False,True,0.00021688640117645264,
10,27,44,head_7,recovery,0.02490234375,0.020014941692352295,2086,CGGACA,4.6953125,1446,CAGACA,4.7109375,1446,CAGACA,4.7109375,662,AGACAC,0.03802255913615227,2583,GAACAG,0.11161815375089645,2583,GAACAG,0.11161815375089645,False,False,True,5.560368299484253e-05,
10,28,44,head_7,recovery,0.0,0.01249319314956665,2086,CGGACA,4.69140625,1446,CAGACA,4.7109375,1446,CAGACA,4.7109375,662,AGACAC,0.037931278347969055,2583,GAACAG,0.11222866177558899,2583,GAACAG,0.11222866177558899,False,False,True,0.0001016855239868164,
10,29,44,head_7,recovery,0.0,0.007258713245391846,2086,CGGACA,4.6875,1446,CAGACA,4.70703125,1446,CAGACA,4.70703125,662,AGACAC,0.037630680948495865,2583,GAACAG,0.11241645365953445,2583,GAACAG,0.11241645365953445,False,False,True,9.272992610931396e-05,
10,30,44,head_7,recovery,0.0,-0.003986954689025879,2086,CGGACA,4.6875,1446,CAGACA,4.70703125,1446,CAGACA,4.70703125,662,AGACAC,0.03771054744720459,2583,GAACAG,0.11354554444551468,2583,GAACAG,0.11354554444551468,False,False,True,0.0003555789589881897,
10,31,44,head_7,recovery,0.0,-0.0021338462829589844,2086,CGGACA,4.69140625,1446,CAGACA,4.7109375,1446,CAGACA,4.7109375,662,AGACAC,0.037355948239564896,2583,GAACAG,0.11301805078983307,2583,GAACAG,0.11301805078983307,False,False,True,2.4966895580291748e-05,
11,0,44,head_7,recovery,-0.025390625,0.003519713878631592,2086,CGGACA,4.68359375,1446,CAGACA,4.70703125,1446,CAGACA,4.70703125,662,AGACAC,0.03771098703145981,2583,GAACAG,0.11284560710191727,2583,GAACAG,0.11284560710191727,False,False,True,-0.0002495869994163513,
11,1,44,head_7,recovery,0.0,-0.003926515579223633,2086,CGGACA,4.69140625,1446,CAGACA,4.7109375,1446,CAGACA,4.7109375,662,AGACAC,0.037474386394023895,2583,GAACAG,0.11330374330282211,2583,GAACAG,0.11330374330282211,False,False,True,-4.13060188293457e-05,
11,2,44,head_7,recovery,0.0,-0.00619351863861084,2086,CGGACA,4.6796875,1446,CAGACA,4.69921875,1446,CAGACA,4.69921875,662,AGACAC,0.0375986285507679,2583,GAACAG,0.11363951116800308,2583,GAACAG,0.11363951116800308,False,False,True,0.00029302388429641724,
11,3,44,head_7,recovery,0.02490234375,0.01841592788696289,2086,CGGACA,4.6796875,1446,CAGACA,4.6953125,1446,CAGACA,4.6953125,662,AGACAC,0.03780841454863548,2583,GAACAG,0.11155320703983307,2583,GAACAG,0.11155320703983307,False,False,True,0.0005209073424339294,
11,4,44,head_7,recovery,0.02490234375,0.01918715238571167,2086,CGGACA,4.6796875,1446,CAGACA,4.6953125,1446,CAGACA,4.6953125,662,AGACAC,0.03798065707087517,2583,GAACAG,0.11165348440408707,2583,GAACAG,0.11165348440408707,False,False,True,0.0004506632685661316,
11,5,44,head_7,recovery,0.0,0.02101665735244751,2086,CGGACA,4.6796875,1446,CAGACA,4.69921875,1446,CAGACA,4.69921875,662,AGACAC,0.03813643753528595,2583,GAACAG,0.11163857579231262,2583,GAACAG,0.11163857579231262,False,False,True,2.5235116481781006e-05,
11,6,44,head_7,recovery,0.0,0.0023381710052490234,2086,CGGACA,4.6875,1446,CAGACA,4.70703125,1446,CAGACA,4.70703125,662,AGACAC,0.03787732496857643,2583,GAACAG,0.11312218755483627,2583,GAACAG,0.11312218755483627,False,False,True,-7.240474224090576e-05,
11,7,44,head_7,recovery,0.0,-0.01319432258605957,2086,CGGACA,4.68359375,1446,CAGACA,4.703125,1446,CAGACA,4.703125,662,AGACAC,0.037587184458971024,2583,GAACAG,0.11428123712539673,2583,GAACAG,0.11428123712539673,False,False,True,0.00013258308172225952,
11,8,44,head_7,recovery,0.0,0.013477027416229248,2086,CGGACA,4.6796875,1446,CAGACA,4.69921875,1446,CAGACA,4.69921875,662,AGACAC,0.0378381721675396,2583,GAACAG,0.11204376071691513,2583,GAACAG,0.11204376071691513,False,False,True,0.0001706257462501526,
11,9,44,head_7,recovery,0.0,0.012903809547424316,2086,CGGACA,4.68359375,1446,CAGACA,4.703125,1446,CAGACA,4.703125,662,AGACAC,0.03764558583498001,2583,GAACAG,0.11190465837717056,2583,GAACAG,0.11190465837717056,False,False,True,-0.0003866031765937805,
11,10,44,head_7,recovery,0.0,-0.0006493330001831055,2086,CGGACA,4.68359375,1446,CAGACA,4.703125,1446,CAGACA,4.703125,662,AGACAC,0.037442661821842194,2583,GAACAG,0.11296625435352325,2583,GAACAG,0.11296625435352325,False,False,True,-0.00016248971223831177,
11,11,44,head_7,recovery,-0.025390625,-0.0035516023635864258,2086,CGGACA,4.68359375,1446,CAGACA,4.70703125,1446,CAGACA,4.70703125,662,AGACAC,0.03757777437567711,2583,GAACAG,0.11337216198444366,2583,GAACAG,0.11337216198444366,False,False,True,0.000253140926361084,
11,12,44,head_7,recovery,-0.025390625,0.013904035091400146,2086,CGGACA,4.6796875,1446,CAGACA,4.703125,1446,CAGACA,4.703125,662,AGACAC,0.03730158507823944,2583,GAACAG,0.11146733909845352,2583,GAACAG,0.11146733909845352,False,False,True,0.0008788630366325378,
11,13,44,head_7,recovery,-0.025390625,0.005997776985168457,2086,CGGACA,4.6796875,1446,CAGACA,4.703125,1446,CAGACA,4.703125,662,AGACAC,0.037727076560258865,2583,GAACAG,0.11263049393892288,2583,GAACAG,0.11263049393892288,False,False,True,0.0004279911518096924,
11,14,44,head_7,recovery,-0.025390625,0.023910820484161377,2086,CGGACA,4.671875,1446,CAGACA,4.6953125,1446,CAGACA,4.6953125,662,AGACAC,0.03800954669713974,2583,GAACAG,0.1112416535615921,2583,GAACAG,0.1112416535615921,False,False,True,-0.0002770274877548218,
11,15,44,head_7,recovery,0.0,-0.00845181941986084,2086,CGGACA,4.67578125,1446,CAGACA,4.6953125,1446,CAGACA,4.6953125,662,AGACAC,0.03835856169462204,2583,GAACAG,0.11461013555526733,2583,GAACAG,0.11461013555526733,False,False,True,-0.0006583631038665771,
11,16,44,head_7,recovery,-0.0498046875,-0.05425739288330078,2086,CGGACA,4.671875,1446,CAGACA,4.69921875,1446,CAGACA,4.69921875,662,AGACAC,0.037904441356658936,2583,GAACAG,0.11842972040176392,2583,GAACAG,0.11842972040176392,False,False,True,-0.0022191107273101807,
11,17,44,head_7,recovery,-0.025390625,-0.037806034088134766,2086,CGGACA,4.671875,1446,CAGACA,4.6953125,1446,CAGACA,4.6953125,662,AGACAC,0.03730066120624542,2583,GAACAG,0.11629101634025574,2583,GAACAG,0.11629101634025574,False,False,True,-0.0025178566575050354,
11,18,44,head_7,recovery,-0.0751953125,-0.008460283279418945,2086,CGGACA,4.65234375,1446,CAGACA,4.68359375,1446,CAGACA,4.68359375,662,AGACAC,0.03627598285675049,2583,GAACAG,0.11252834647893906,2583,GAACAG,0.11252834647893906,False,False,True,-0.0014988705515861511,
11,19,44,head_7,recovery,0.0,0.07399994134902954,2086,CGGACA,4.66015625,1446,CAGACA,4.6796875,1446,CAGACA,4.6796875,662,AGACAC,0.04346558451652527,2583,GAACAG,0.11202432960271835,2583,GAACAG,0.11202432960271835,False,False,True,-0.0025680139660835266,
11,20,44,head_7,recovery,0.02490234375,0.140424907207489,2086,CGGACA,4.6484375,1446,CAGACA,4.6640625,1446,CAGACA,4.6640625,662,AGACAC,0.04564359411597252,2583,GAACAG,0.10800482332706451,2583,GAACAG,0.10800482332706451,False,False,True,-0.0009851530194282532,
11,21,44,head_7,recovery,0.0,0.14310181140899658,2086,CGGACA,4.64453125,1446,CAGACA,4.6640625,1446,CAGACA,4.6640625,662,AGACAC,0.047650016844272614,2583,GAACAG,0.10976148396730423,2583,GAACAG,0.10976148396730423,False,False,True,-0.002243436872959137,
11,22,44,head_7,recovery,-0.025390625,0.0014243125915527344,2086,CGGACA,4.65625,1446,CAGACA,4.6796875,1446,CAGACA,4.6796875,662,AGACAC,0.03877134993672371,2583,GAACAG,0.11410146951675415,2583,GAACAG,0.11410146951675415,False,False,True,-3.539770841598511e-05,
11,23,44,head_7,recovery,-0.099609375,-0.09296190738677979,2086,CGGACA,4.67578125,1446,CAGACA,4.7109375,1446,CAGACA,4.7109375,662,AGACAC,0.03809421882033348,2583,GAACAG,0.12223067879676819,2583,GAACAG,0.12223067879676819,False,False,True,-0.0002450495958328247,
11,24,44,head_7,recovery,0.02490234375,-0.08256101608276367,2086,CGGACA,4.7109375,1446,CAGACA,4.7265625,1446,CAGACA,4.7265625,662,AGACAC,0.03690924495458603,2583,GAACAG,0.1200752779841423,2583,GAACAG,0.1200752779841423,False,False,True,0.0006466805934906006,
11,25,44,head_7,recovery,0.0,0.03162580728530884,2086,CGGACA,4.703125,1446,CAGACA,4.72265625,1446,CAGACA,4.72265625,662,AGACAC,0.03947273641824722,2583,GAACAG,0.11198502779006958,2583,GAACAG,0.11198502779006958,False,False,True,0.00038480013608932495,
11,26,44,head_7,recovery,0.0751953125,0.057002484798431396,2086,CGGACA,4.72265625,1446,CAGACA,4.73046875,1446,CAGACA,4.73046875,662,AGACAC,0.03771274536848068,2583,GAACAG,0.1078573688864708,2583,GAACAG,0.1078573688864708,False,False,True,-1.2889504432678223e-05,
11,27,44,head_7,recovery,0.0498046875,-0.011526823043823242,2086,CGGACA,4.73046875,1446,CAGACA,4.7421875,1446,CAGACA,4.7421875,662,AGACAC,0.037574123591184616,2583,GAACAG,0.11411259323358536,2583,GAACAG,0.11411259323358536,False,False,True,-0.0008217990398406982,
11,28,44,head_7,recovery,0.0498046875,0.01755058765411377,2086,CGGACA,4.734375,1446,CAGACA,4.74609375,1446,CAGACA,4.74609375,662,AGACAC,0.03775734826922417,2583,GAACAG,0.11158287525177002,2583,GAACAG,0.11158287525177002,False,False,True,-0.0005371496081352234,
11,29,44,head_7,recovery,0.02490234375,0.013027369976043701,2086,CGGACA,4.7109375,1446,CAGACA,4.7265625,1446,CAGACA,4.7265625,662,AGACAC,0.038319461047649384,2583,GAACAG,0.1125670075416565,2583,GAACAG,0.1125670075416565,False,False,True,0.00012751668691635132,
11,30,44,head_7,recovery,-0.025390625,0.03321129083633423,2086,CGGACA,4.6875,1446,CAGACA,4.7109375,1446,CAGACA,4.7109375,662,AGACAC,0.037953682243824005,2583,GAACAG,0.11031804978847504,2583,GAACAG,0.11031804978847504,False,False,True,0.000490725040435791,
11,31,44,head_7,recovery,-0.0498046875,0.027373909950256348,2086,CGGACA,4.68359375,1446,CAGACA,4.7109375,1446,CAGACA,4.7109375,662,AGACAC,0.03755474090576172,2583,GAACAG,0.11046373844146729,2583,GAACAG,0.11046373844146729,False,False,True,0.0008199959993362427,
12,0,44,head_7,recovery,-0.0498046875,-0.0008603334426879883,2086,CGGACA,4.69140625,1446,CAGACA,4.71875,1446,CAGACA,4.71875,662,AGACAC,0.03813241794705391,2583,GAACAG,0.11367570608854294,2583,GAACAG,0.11367570608854294,False,False,True,-0.00035928934812545776,
12,1,44,head_7,recovery,-0.025390625,-0.006872892379760742,2086,CGGACA,4.69140625,1446,CAGACA,4.71484375,1446,CAGACA,4.71484375,662,AGACAC,0.038405001163482666,2583,GAACAG,0.11450926214456558,2583,GAACAG,0.11450926214456558,False,False,True,-0.00012214481830596924,
12,2,44,head_7,recovery,-0.0498046875,0.026418030261993408,2086,CGGACA,4.69140625,1446,CAGACA,4.71875,1446,CAGACA,4.71875,662,AGACAC,0.03783198446035385,2583,GAACAG,0.1108301654458046,2583,GAACAG,0.1108301654458046,False,False,True,0.00010249018669128418,
12,3,44,head_7,recovery,0.0,0.03294527530670166,2086,CGGACA,4.69140625,1446,CAGACA,4.7109375,1446,CAGACA,4.7109375,662,AGACAC,0.03841265290975571,2583,GAACAG,0.11080183833837509,2583,GAACAG,0.11080183833837509,False,False,True,0.0001939907670021057,
12,4,44,head_7,recovery,0.0,0.03276717662811279,2086,CGGACA,4.6953125,1446,CAGACA,4.71484375,1446,CAGACA,4.71484375,662,AGACAC,0.038421470671892166,2583,GAACAG,0.11082727462053299,2583,GAACAG,0.11082727462053299,False,False,True,6.145983934402466e-05,
12,5,44,head_7,recovery,0.0,0.011388003826141357,2086,CGGACA,4.6875,1446,CAGACA,4.70703125,1446,CAGACA,4.70703125,662,AGACAC,0.03823629766702652,2583,GAACAG,0.11263679713010788,2583,GAACAG,0.11263679713010788,False,False,True,-0.00014428794384002686,
12,6,44,head_7,recovery,0.02490234375,-0.0036220550537109375,2086,CGGACA,4.69140625,1446,CAGACA,4.70703125,1446,CAGACA,4.70703125,662,AGACAC,0.03839986026287079,2583,GAACAG,0.11420080810785294,2583,GAACAG,0.11420080810785294,False,False,True,-0.0003683716058731079,
12,7,44,head_7,recovery,0.02490234375,-0.022556304931640625,2086,CGGACA,4.6875,1446,CAGACA,4.703125,1446,CAGACA,4.703125,662,AGACAC,0.03781372681260109,2583,GAACAG,0.11538126319646835,2583,GAACAG,0.11538126319646835,False,False,True,-0.00034489482641220093,
12,8,44,head_7,recovery,0.02490234375,-0.005872607231140137,2086,CGGACA,4.69140625,1446,CAGACA,4.70703125,1446,CAGACA,4.70703125,662,AGACAC,0.03749995678663254,2583,GAACAG,0.11351088434457779,2583,GAACAG,0.11351088434457779,False,False,True,-0.0003644898533821106,
12,9,44,head_7,recovery,0.0,-0.00025725364685058594,2086,CGGACA,4.69140625,1446,CAGACA,4.7109375,1446,CAGACA,4.7109375,662,AGACAC,0.03707987070083618,2583,GAACAG,0.11256688833236694,2583,GAACAG,0.11256688833236694,False,False,True,-4.622340202331543e-05,
12,10,44,head_7,recovery,0.0,-0.0020635128021240234,2086,CGGACA,4.69140625,1446,CAGACA,4.7109375,1446,CAGACA,4.7109375,662,AGACAC,0.03736548125743866,2583,GAACAG,0.11302102357149124,2583,GAACAG,0.11302102357149124,False,False,True,0.00040568411350250244,
12,11,44,head_7,recovery,0.0,0.025358200073242188,2086,CGGACA,4.703125,1446,CAGACA,4.72265625,1446,CAGACA,4.72265625,662,AGACAC,0.039123598486185074,2583,GAACAG,0.1122206598520279,2583,GAACAG,0.1122206598520279,False,False,True,-5.008280277252197e-05,
12,12,44,head_7,recovery,-0.0751953125,0.013260126113891602,2086,CGGACA,4.69140625,1446,CAGACA,4.72265625,1446,CAGACA,4.72265625,662,AGACAC,0.03967103734612465,2583,GAACAG,0.11389686912298203,2583,GAACAG,0.11389686912298203,False,False,True,0.00011289119720458984,
12,13,44,head_7,recovery,-0.0751953125,0.003455042839050293,2086,CGGACA,4.69140625,1446,CAGACA,4.72265625,1446,CAGACA,4.72265625,662,AGACAC,0.0392470508813858,2583,GAACAG,0.11438770592212677,2583,GAACAG,0.11438770592212677,False,False,True,-0.0015168115496635437,
12,14,44,head_7,recovery,0.0,0.003457486629486084,2086,CGGACA,4.6796875,1446,CAGACA,4.69921875,1446,CAGACA,4.69921875,662,AGACAC,0.03817835450172424,2583,GAACAG,0.1133187785744667,2583,GAACAG,0.1133187785744667,False,False,True,-0.001444488763809204,
12,15,44,head_7,recovery,0.02490234375,-0.06297385692596436,2086,CGGACA,4.703125,1446,CAGACA,4.71875,1446,CAGACA,4.71875,662,AGACAC,0.036909982562065125,2583,GAACAG,0.11824851483106613,2583,GAACAG,0.11824851483106613,False,False,True,-0.0014135092496871948,
12,16,44,head_7,recovery,0.02490234375,-0.07106637954711914,2086,CGGACA,4.6953125,1446,CAGACA,4.7109375,1446,CAGACA,4.7109375,662,AGACAC,0.03645496815443039,2583,GAACAG,0.11854854226112366,2583,GAACAG,0.11854854226112366,False,False,True,-0.00025913864374160767,
12,17,44,head_7,recovery,0.0,-0.040553927421569824,2086,CGGACA,4.703125,1446,CAGACA,4.72265625,1446,CAGACA,4.72265625,662,AGACAC,0.037653010338544846,2583,GAACAG,0.11689974367618561,2583,GAACAG,0.11689974367618561,False,False,True,-0.00023838132619857788,
12,18,44,head_7,recovery,-0.0498046875,0.005288362503051758,2086,CGGACA,4.6796875,1446,CAGACA,4.70703125,1446,CAGACA,4.70703125,662,AGACAC,0.038530562072992325,2583,GAACAG,0.11350017040967941,2583,GAACAG,0.11350017040967941,False,False,True,-0.0003984794020652771,
12,19,44,head_7,recovery,-0.125,0.05091768503189087,2086,CGGACA,4.6640625,1446,CAGACA,4.703125,1446,CAGACA,4.703125,662,AGACAC,0.04143339395523071,2583,GAACAG,0.11214573681354523,2583,GAACAG,0.11214573681354523,False,False,True,-0.0017586573958396912,
12,20,44,head_7,recovery,-0.099609375,0.013593316078186035,2086,CGGACA,4.65625,1446,CAGACA,4.69140625,1446,CAGACA,4.69140625,662,AGACAC,0.03896259143948555,2583,GAACAG,0.11315733194351196,2583,GAACAG,0.11315733194351196,False,False,True,-0.0006349459290504456,
12,21,44,head_7,recovery,0.14990234375,-0.034281134605407715,2086,CGGACA,4.65625,1446,CAGACA,4.65234375,2086,CGGACA,4.65625,662,AGACAC,0.039741985499858856,2583,GAACAG,0.11840345710515976,2583,GAACAG,0.11840345710515976,True,False,True,-0.000431157648563385,
12,22,44,head_7,recovery,0.25,-0.055986642837524414,2086,CGGACA,4.6640625,1446,CAGACA,4.64453125,2086,CGGACA,4.6640625,662,AGACAC,0.03686708211898804,2583,GAACAG,0.1175537034869194,2583,GAACAG,0.1175537034869194,True,False,True,0.001060381531715393,
12,23,44,head_7,recovery,0.1748046875,-0.07677721977233887,2086,CGGACA,4.671875,1446,CAGACA,4.6640625,2086,CGGACA,4.671875,662,AGACAC,0.037195708602666855,2583,GAACAG,0.11982210725545883,2583,GAACAG,0.11982210725545883,True,False,True,0.0011599808931350708,
12,24,44,head_7,recovery,-0.025390625,-0.045490384101867676,2086,CGGACA,4.66796875,1446,CAGACA,4.69140625,1446,CAGACA,4.69140625,662,AGACAC,0.03638887405395508,2583,GAACAG,0.11609618365764618,2583,GAACAG,0.11609618365764618,False,False,True,0.0010948851704597473,
12,25,44,head_7,recovery,0.0,-0.03555607795715332,2086,CGGACA,4.6875,1446,CAGACA,4.70703125,1446,CAGACA,4.70703125,662,AGACAC,0.036981768906116486,2583,GAACAG,0.11576219648122787,2583,GAACAG,0.11576219648122787,False,False,True,0.0007269307971000671,
12,26,44,head_7,recovery,-0.025390625,-0.049001097679138184,2086,CGGACA,4.68359375,1446,CAGACA,4.70703125,1446,CAGACA,4.70703125,662,AGACAC,0.038901638239622116,2583,GAACAG,0.11893650144338608,2583,GAACAG,0.11893650144338608,False,False,True,5.5208802223205566e-05,
12,27,44,head_7,recovery,0.02490234375,-0.01801121234893799,2086,CGGACA,4.703125,1446,CAGACA,4.71875,1446,CAGACA,4.71875,662,AGACAC,0.03828594461083412,2583,GAACAG,0.11542941629886627,2583,GAACAG,0.11542941629886627,False,False,True,0.0003741830587387085,
12,28,44,head_7,recovery,0.02490234375,-0.012676358222961426,2086,CGGACA,4.703125,1446,CAGACA,4.71875,1446,CAGACA,4.71875,662,AGACAC,0.037817440927028656,2583,GAACAG,0.11446317285299301,2583,GAACAG,0.11446317285299301,False,False,True,0.0006780773401260376,
12,29,44,head_7,recovery,0.02490234375,0.0019548535346984863,2086,CGGACA,4.70703125,1446,CAGACA,4.72265625,1446,CAGACA,4.72265625,662,AGACAC,0.037782538682222366,2583,GAACAG,0.11306316405534744,2583,GAACAG,0.11306316405534744,False,False,True,0.00046499818563461304,
12,30,44,head_7,recovery,-0.025390625,-0.012822628021240234,2086,CGGACA,4.6953125,1446,CAGACA,4.71875,1446,CAGACA,4.71875,662,AGACAC,0.0387527160346508,2583,GAACAG,0.11541210114955902,2583,GAACAG,0.11541210114955902,False,False,True,0.00016940385103225708,
12,31,44,head_7,recovery,-0.0498046875,-0.013703703880310059,2086,CGGACA,4.69140625,1446,CAGACA,4.71875,1446,CAGACA,4.71875,662,AGACAC,0.039622221142053604,2583,GAACAG,0.11636380106210709,2583,GAACAG,0.11636380106210709,False,False,True,0.0004509538412094116,
13,0,44,head_7,recovery,0.0,-0.010881185531616211,2086,CGGACA,4.69140625,1446,CAGACA,4.7109375,1446,CAGACA,4.7109375,662,AGACAC,0.03778127208352089,2583,GAACAG,0.1142595112323761,2583,GAACAG,0.1142595112323761,False,False,True,-0.0003218352794647217,
13,1,44,head_7,recovery,-0.025390625,-0.01196599006652832,2086,CGGACA,4.68359375,1446,CAGACA,4.70703125,1446,CAGACA,4.70703125,662,AGACAC,0.037716805934906006,2583,GAACAG,0.11429625749588013,2583,GAACAG,0.11429625749588013,False,False,True,-0.00041697174310684204,
13,2,44,head_7,recovery,-0.025390625,0.006833374500274658,2086,CGGACA,4.68359375,1446,CAGACA,4.70703125,1446,CAGACA,4.70703125,662,AGACAC,0.038217607885599136,2583,GAACAG,0.11304305493831635,2583,GAACAG,0.11304305493831635,False,False,True,-0.0004798024892807007,
13,3,44,head_7,recovery,-0.025390625,0.02224355936050415,2086,CGGACA,4.6875,1446,CAGACA,4.7109375,1446,CAGACA,4.7109375,662,AGACAC,0.03777946159243584,2583,GAACAG,0.11116713285446167,2583,GAACAG,0.11116713285446167,False,False,True,2.2009015083312988e-05,
13,4,44,head_7,recovery,-0.025390625,0.022936344146728516,2086,CGGACA,4.68359375,1446,CAGACA,4.70703125,1446,CAGACA,4.70703125,662,AGACAC,0.037884365767240524,2583,GAACAG,0.11120739579200745,2583,GAACAG,0.11120739579200745,False,False,True,5.762279033660889e-05,
13,5,44,head_7,recovery,-0.025390625,0.019317626953125,2086,CGGACA,4.68359375,1446,CAGACA,4.70703125,1446,CAGACA,4.70703125,662,AGACAC,0.037905093282461166,2583,GAACAG,0.11156574636697769,2583,GAACAG,0.11156574636697769,False,False,True,5.360692739486694e-05,
13,6,44,head_7,recovery,0.02490234375,0.003151416778564453,2086,CGGACA,4.69140625,1446,CAGACA,4.70703125,1446,CAGACA,4.70703125,662,AGACAC,0.037742070853710175,2583,GAACAG,0.11291105300188065,2583,GAACAG,0.11291105300188065,False,False,True,-0.00015872716903686523,
13,7,44,head_7,recovery,0.0,-0.0029380321502685547,2086,CGGACA,4.68359375,1446,CAGACA,4.703125,1446,CAGACA,4.703125,662,AGACAC,0.03768770396709442,2583,GAACAG,0.11342483758926392,2583,GAACAG,0.11342483758926392,False,False,True,-0.0002134665846824646,
13,8,44,head_7,recovery,0.0,-0.003272533416748047,2086,CGGACA,4.68359375,1446,CAGACA,4.703125,1446,CAGACA,4.703125,662,AGACAC,0.03740499168634415,2583,GAACAG,0.11317333579063416,2583,GAACAG,0.11317333579063416,False,False,True,-9.663403034210205e-06,
13,9,44,head_7,recovery,0.0,-0.007479190826416016,2086,CGGACA,4.68359375,1446,CAGACA,4.703125,1446,CAGACA,4.703125,662,AGACAC,0.03779739886522293,2583,GAACAG,0.11395823210477829,2583,GAACAG,0.11395823210477829,False,False,True,0.00010998547077178955,
13,10,44,head_7,recovery,0.0,7.68899917602539e-06,2086,CGGACA,4.6796875,1446,CAGACA,4.69921875,1446,CAGACA,4.69921875,662,AGACAC,0.037856362760066986,2583,GAACAG,0.11331865936517715,2583,GAACAG,0.11331865936517715,False,False,True,0.0001664683222770691,
13,11,44,head_7,recovery,-0.025390625,-0.00528264045715332,2086,CGGACA,4.6796875,1446,CAGACA,4.703125,1446,CAGACA,4.703125,662,AGACAC,0.03832748532295227,2583,GAACAG,0.11428336799144745,2583,GAACAG,0.11428336799144745,False,False,True,-0.00013252347707748413,
13,12,44,head_7,recovery,-0.025390625,-0.0051316022872924805,2086,CGGACA,4.67578125,1446,CAGACA,4.69921875,1446,CAGACA,4.69921875,662,AGACAC,0.03825798258185387,2583,GAACAG,0.11419978737831116,2583,GAACAG,0.11419978737831116,False,False,True,-0.00013093650341033936,
13,13,44,head_7,recovery,-0.025390625,-0.001223921775817871,2086,CGGACA,4.6796875,1446,CAGACA,4.703125,1446,CAGACA,4.703125,662,AGACAC,0.037839390337467194,2583,GAACAG,0.11341658979654312,2583,GAACAG,0.11341658979654312,False,False,True,0.0005456581711769104,
13,14,44,head_7,recovery,-0.025390625,-0.029241442680358887,2086,CGGACA,4.6796875,1446,CAGACA,4.703125,1446,CAGACA,4.703125,662,AGACAC,0.03746601939201355,2583,GAACAG,0.11565729230642319,2583,GAACAG,0.11565729230642319,False,False,True,-0.00015119463205337524,
13,15,44,head_7,recovery,-0.025390625,0.0098954439163208,2086,CGGACA,4.69140625,1446,CAGACA,4.71484375,1446,CAGACA,4.71484375,662,AGACAC,0.03654217720031738,2583,GAACAG,0.11108193546533585,2583,GAACAG,0.11108193546533585,False,False,True,7.728487253189087e-05,
13,16,44,head_7,recovery,0.02490234375,0.0926324725151062,2086,CGGACA,4.68359375,1446,CAGACA,4.69921875,1446,CAGACA,4.69921875,662,AGACAC,0.037258561700582504,2583,GAACAG,0.10407886654138565,2583,GAACAG,0.10407886654138565,False,False,True,0.0028549283742904663,
13,17,44,head_7,recovery,0.0,0.266926109790802,2086,CGGACA,4.69140625,1446,CAGACA,4.7109375,1446,CAGACA,4.7109375,662,AGACAC,0.036660075187683105,2583,GAACAG,0.08721861243247986,2583,GAACAG,0.08721861243247986,False,False,True,0.006027966737747192,
13,18,44,head_7,recovery,-0.0498046875,0.2096918821334839,2086,CGGACA,4.66796875,1446,CAGACA,4.6953125,1446,CAGACA,4.6953125,662,AGACAC,0.036556944251060486,2583,GAACAG,0.09245549142360687,2583,GAACAG,0.09245549142360687,False,False,True,0.005134403705596924,
13,19,44,head_7,recovery,-0.0751953125,0.17629718780517578,2086,CGGACA,4.640625,1446,CAGACA,4.671875,1606,CCAACA,4.6796875,662,AGACAC,0.03767320513725281,2583,GAACAG,0.09668751060962677,2583,GAACAG,0.09668751060962677,False,False,True,0.0010214075446128845,
13,20,44,head_7,recovery,-0.025390625,0.08190375566482544,2086,CGGACA,4.578125,1446,CAGACA,4.6015625,1606,CCAACA,4.61328125,662,AGACAC,0.036487605422735214,2583,GAACAG,0.10430891811847687,2583,GAACAG,0.10430891811847687,False,False,True,-0.0027409568428993225,
13,21,44,head_7,recovery,0.0751953125,0.20305472612380981,2086,CGGACA,4.625,1446,CAGACA,4.6328125,1446,CAGACA,4.6328125,662,AGACAC,0.035332754254341125,2583,GAACAG,0.09185055643320084,2583,GAACAG,0.09185055643320084,False,False,True,-0.0009808391332626343,
13,22,44,head_7,recovery,0.125,0.18850690126419067,2086,CGGACA,4.625,1446,CAGACA,4.625,1446,CAGACA,4.625,662,AGACAC,0.032036494463682175,2583,GAACAG,0.08991162478923798,2583,GAACAG,0.08991162478923798,False,False,True,-0.0014629438519477844,
13,23,44,head_7,recovery,0.10009765625,0.13283568620681763,2086,CGGACA,4.68359375,1446,CAGACA,4.6875,1446,CAGACA,4.6875,662,AGACAC,0.03370274603366852,2583,GAACAG,0.09677205234766006,2583,GAACAG,0.09677205234766006,False,False,True,0.0009064748883247375,
13,24,44,head_7,recovery,0.0,0.033055007457733154,2086,CGGACA,4.64453125,1446,CAGACA,4.6640625,1446,CAGACA,4.6640625,662,AGACAC,0.035692665725946426,2583,GAACAG,0.10807161033153534,2583,GAACAG,0.10807161033153534,False,False,True,-0.0012752041220664978,
13,25,44,head_7,recovery,-0.099609375,0.017502427101135254,2086,CGGACA,4.6796875,1446,CAGACA,4.71484375,1446,CAGACA,4.71484375,662,AGACAC,0.03759640455245972,2583,GAACAG,0.11142642050981522,2583,GAACAG,0.11142642050981522,False,False,True,-0.000361025333404541,
13,26,44,head_7,recovery,-0.0751953125,0.013390064239501953,2086,CGGACA,4.6875,1446,CAGACA,4.71875,1446,CAGACA,4.71875,662,AGACAC,0.03811388462781906,2583,GAACAG,0.11232759058475494,2583,GAACAG,0.11232759058475494,False,False,True,-0.0008799061179161072,
13,27,44,head_7,recovery,-0.025390625,-0.014081835746765137,2086,CGGACA,4.6796875,1446,CAGACA,4.703125,1446,CAGACA,4.703125,662,AGACAC,0.03795042261481285,2583,GAACAG,0.11472728848457336,2583,GAACAG,0.11472728848457336,False,False,True,0.00033964216709136963,
13,28,44,head_7,recovery,0.0,-0.014180898666381836,2086,CGGACA,4.68359375,1446,CAGACA,4.703125,1446,CAGACA,4.703125,662,AGACAC,0.03786426782608032,2583,GAACAG,0.11465037614107132,2583,GAACAG,0.11465037614107132,False,False,True,0.00013753026723861694,
13,29,44,head_7,recovery,-0.025390625,-0.032953858375549316,2086,CGGACA,4.6796875,1446,CAGACA,4.703125,1446,CAGACA,4.703125,662,AGACAC,0.037557344883680344,2583,GAACAG,0.11609498411417007,2583,GAACAG,0.11609498411417007,False,False,True,0.00042726099491119385,
13,30,44,head_7,recovery,0.0,-0.030754566192626953,2086,CGGACA,4.6875,1446,CAGACA,4.70703125,1446,CAGACA,4.70703125,662,AGACAC,0.03688548877835274,2583,GAACAG,0.11521793156862259,2583,GAACAG,0.11521793156862259,False,False,True,-0.00016378611326217651,
13,31,44,head_7,recovery,-0.025390625,-0.02668607234954834,2086,CGGACA,4.6796875,1446,CAGACA,4.703125,1446,CAGACA,4.703125,662,AGACAC,0.03713845834136009,2583,GAACAG,0.11509130895137787,2583,GAACAG,0.11509130895137787,False,False,True,5.69075345993042e-05,
14,0,44,head_7,recovery,-0.025390625,0.019959688186645508,2086,CGGACA,4.6796875,1446,CAGACA,4.703125,1446,CAGACA,4.703125,662,AGACAC,0.03804635629057884,2583,GAACAG,0.1116471141576767,2583,GAACAG,0.1116471141576767,False,False,True,8.521229028701782e-05,
14,1,44,head_7,recovery,-0.025390625,0.005980014801025391,2086,CGGACA,4.6796875,1446,CAGACA,4.703125,1446,CAGACA,4.703125,662,AGACAC,0.03811487928032875,2583,GAACAG,0.11301994323730469,2583,GAACAG,0.11301994323730469,False,False,True,-0.0002891719341278076,
14,2,44,head_7,recovery,-0.025390625,0.0073607563972473145,2086,CGGACA,4.6796875,1446,CAGACA,4.703125,1446,CAGACA,4.703125,662,AGACAC,0.03794614598155022,2583,GAACAG,0.11272239685058594,2583,GAACAG,0.11272239685058594,False,False,True,3.4347176551818848e-06,
14,3,44,head_7,recovery,-0.0498046875,-0.0042504072189331055,2086,CGGACA,4.68359375,1446,CAGACA,4.7109375,1446,CAGACA,4.7109375,662,AGACAC,0.03764617443084717,2583,GAACAG,0.1135057583451271,2583,GAACAG,0.1135057583451271,False,False,True,-0.0003951340913772583,
14,4,44,head_7,recovery,-0.0498046875,0.00882488489151001,2086,CGGACA,4.68359375,1446,CAGACA,4.7109375,1446,CAGACA,4.7109375,662,AGACAC,0.03776378929615021,2583,GAACAG,0.11240343004465103,2583,GAACAG,0.11240343004465103,False,False,True,-0.00026642531156539917,
14,5,44,head_7,recovery,-0.025390625,0.0025600790977478027,2086,CGGACA,4.6875,1446,CAGACA,4.7109375,1446,CAGACA,4.7109375,662,AGACAC,0.03753013163805008,2583,GAACAG,0.11275428533554077,2583,GAACAG,0.11275428533554077,False,False,True,-0.00026238709688186646,
14,6,44,head_7,recovery,0.0,0.0019240379333496094,2086,CGGACA,4.69140625,1446,CAGACA,4.7109375,1446,CAGACA,4.7109375,662,AGACAC,0.037848133593797684,2583,GAACAG,0.11313163489103317,2583,GAACAG,0.11313163489103317,False,False,True,7.668137550354004e-05,
14,7,44,head_7,recovery,0.0,-0.002596139907836914,2086,CGGACA,4.68359375,1446,CAGACA,4.703125,1446,CAGACA,4.703125,662,AGACAC,0.037846263498067856,2583,GAACAG,0.11355149745941162,2583,GAACAG,0.11355149745941162,False,False,True,0.00016833841800689697,
14,8,44,head_7,recovery,-0.025390625,-0.0014030933380126953,2086,CGGACA,4.6875,1446,CAGACA,4.7109375,1446,CAGACA,4.7109375,662,AGACAC,0.03753232955932617,2583,GAACAG,0.1131262555718422,2583,GAACAG,0.1131262555718422,False,False,True,0.00023511052131652832,
14,9,44,head_7,recovery,-0.025390625,-0.019693493843078613,2086,CGGACA,4.68359375,1446,CAGACA,4.70703125,1446,CAGACA,4.70703125,662,AGACAC,0.03742806985974312,2583,GAACAG,0.11472850292921066,2583,GAACAG,0.11472850292921066,False,False,True,7.039308547973633e-05,
14,10,44,head_7,recovery,0.02490234375,-0.012563586235046387,2086,CGGACA,4.69140625,1446,CAGACA,4.70703125,1446,CAGACA,4.70703125,662,AGACAC,0.03714129328727722,2583,GAACAG,0.11377650499343872,2583,GAACAG,0.11377650499343872,False,False,True,-0.00026160478591918945,
14,11,44,head_7,recovery,0.0,-0.02547323703765869,2086,CGGACA,4.69140625,1446,CAGACA,4.7109375,1446,CAGACA,4.7109375,662,AGACAC,0.037305980920791626,2583,GAACAG,0.11514567583799362,2583,GAACAG,0.11514567583799362,False,False,True,-0.0005894005298614502,
14,12,44,head_7,recovery,-0.025390625,-0.04199802875518799,2086,CGGACA,4.69140625,1446,CAGACA,4.71484375,1446,CAGACA,4.71484375,662,AGACAC,0.036740757524967194,2583,GAACAG,0.11612223088741302,2583,GAACAG,0.11612223088741302,False,False,True,-0.0005711391568183899,
14,13,44,head_7,recovery,-0.025390625,-0.03174185752868652,2086,CGGACA,4.69140625,1446,CAGACA,4.71484375,1446,CAGACA,4.71484375,662,AGACAC,0.03702682629227638,2583,GAACAG,0.115451380610466,2583,GAACAG,0.115451380610466,False,False,True,-0.00014604628086090088,
14,14,44,head_7,recovery,-0.025390625,-0.006867408752441406,2086,CGGACA,4.6875,1446,CAGACA,4.7109375,1446,CAGACA,4.7109375,662,AGACAC,0.037035372108221054,2583,GAACAG,0.11313911527395248,2583,GAACAG,0.11313911527395248,False,False,True,0.00040277838706970215,
14,15,44,head_7,recovery,-0.025390625,0.013220071792602539,2086,CGGACA,4.6875,1446,CAGACA,4.7109375,1446,CAGACA,4.7109375,662,AGACAC,0.03738681226968765,2583,GAACAG,0.11161638051271439,2583,GAACAG,0.11161638051271439,False,False,True,0.0007085353136062622,
14,16,44,head_7,recovery,-0.099609375,-0.06364119052886963,2086,CGGACA,4.6953125,1446,CAGACA,4.73046875,1446,CAGACA,4.73046875,662,AGACAC,0.03627745807170868,2583,GAACAG,0.11767825484275818,2583,GAACAG,0.11767825484275818,False,False,True,-0.002067849040031433,
14,17,44,head_7,recovery,-0.1748046875,0.06886434555053711,2086,CGGACA,4.734375,1446,CAGACA,4.78125,1446,CAGACA,4.78125,662,AGACAC,0.042236171662807465,2583,GAACAG,0.11127407103776932,2583,GAACAG,0.11127407103776932,False,False,True,-0.0012358948588371277,
14,18,44,head_7,recovery,-0.1748046875,0.021352648735046387,2086,CGGACA,4.73828125,1446,CAGACA,4.78515625,1446,CAGACA,4.78515625,662,AGACAC,0.04126722738146782,2583,GAACAG,0.11473800987005234,2583,GAACAG,0.11473800987005234,False,False,True,-0.0012410134077072144,
14,19,44,head_7,recovery,-0.1748046875,0.09661847352981567,2086,CGGACA,4.71484375,1446,CAGACA,4.76171875,1446,CAGACA,4.76171875,662,AGACAC,0.041098229587078094,2583,GAACAG,0.10754664242267609,2583,GAACAG,0.10754664242267609,False,False,True,0.0025216713547706604,
14,20,44,head_7,recovery,-0.125,-0.02288663387298584,2086,CGGACA,4.671875,1446,CAGACA,4.7109375,1446,CAGACA,4.7109375,662,AGACAC,0.03687893599271774,2583,GAACAG,0.11447729170322418,2583,GAACAG,0.11447729170322418,False,False,True,0.0002578124403953552,
14,21,44,head_7,recovery,-0.099609375,-0.025621414184570312,2086,CGGACA,4.68359375,1446,CAGACA,4.71875,1606,CCAACA,4.72265625,662,AGACAC,0.03854409232735634,2583,GAACAG,0.11639761179685593,2583,GAACAG,0.11639761179685593,False,False,True,-0.0006281211972236633,
14,22,44,head_7,recovery,-0.0498046875,0.021133005619049072,2086,CGGACA,4.703125,1446,CAGACA,4.73046875,1606,CCAACA,4.73828125,662,AGACAC,0.040303170680999756,2583,GAACAG,0.11379445344209671,2583,GAACAG,0.11379445344209671,False,False,True,-0.0011561661958694458,
14,23,44,head_7,recovery,-0.025390625,0.00246351957321167,2086,CGGACA,4.7109375,1446,CAGACA,4.734375,1606,CCAACA,4.75390625,662,AGACAC,0.03921698033809662,2583,GAACAG,0.11445014178752899,2583,GAACAG,0.11445014178752899,False,False,True,-0.0007035210728645325,
14,24,44,head_7,recovery,-0.099609375,0.027513504028320312,2086,CGGACA,4.6953125,1446,CAGACA,4.73046875,1446,CAGACA,4.73046875,662,AGACAC,0.038531992584466934,2583,GAACAG,0.11142797023057938,2583,GAACAG,0.11142797023057938,False,False,True,-0.0005764365196228027,
14,25,44,head_7,recovery,-0.099609375,0.015425801277160645,2086,CGGACA,4.68359375,1446,CAGACA,4.71875,1446,CAGACA,4.71875,662,AGACAC,0.03828983008861542,2583,GAACAG,0.11231359839439392,2583,GAACAG,0.11231359839439392,False,False,True,-0.000539630651473999,
14,26,44,head_7,recovery,-0.099609375,0.013428092002868652,2086,CGGACA,4.69140625,1446,CAGACA,4.7265625,1446,CAGACA,4.7265625,662,AGACAC,0.03788500279188156,2583,GAACAG,0.11209516227245331,2583,GAACAG,0.11209516227245331,False,False,True,-0.0004902109503746033,
14,27,44,head_7,recovery,-0.025390625,0.001953601837158203,2086,CGGACA,4.703125,1446,CAGACA,4.7265625,1446,CAGACA,4.7265625,662,AGACAC,0.03813282772898674,2583,GAACAG,0.11341357231140137,2583,GAACAG,0.11341357231140137,False,False,True,-0.0007078573107719421,
14,28,44,head_7,recovery,-0.025390625,-0.011240243911743164,2086,CGGACA,4.70703125,1446,CAGACA,4.73046875,1446,CAGACA,4.73046875,662,AGACAC,0.03789622709155083,2583,GAACAG,0.1144079715013504,2583,GAACAG,0.1144079715013504,False,False,True,-0.000476151704788208,
14,29,44,head_7,recovery,0.02490234375,-0.026038765907287598,2086,CGGACA,4.703125,1446,CAGACA,4.71875,1446,CAGACA,4.71875,662,AGACAC,0.03767290338873863,2583,GAACAG,0.11556535959243774,2583,GAACAG,0.11556535959243774,False,False,True,-0.0004891753196716309,
14,30,44,head_7,recovery,0.0,-0.005938410758972168,2086,CGGACA,4.69140625,1446,CAGACA,4.7109375,1446,CAGACA,4.7109375,662,AGACAC,0.037435561418533325,2583,GAACAG,0.11345262825489044,2583,GAACAG,0.11345262825489044,False,False,True,-0.00014691799879074097,
14,31,44,head_7,recovery,-0.025390625,0.0115736722946167,2086,CGGACA,4.6875,1446,CAGACA,4.7109375,1446,CAGACA,4.7109375,662,AGACAC,0.037380069494247437,2583,GAACAG,0.11176324635744095,2583,GAACAG,0.11176324635744095,False,False,True,-0.00023819506168365479,
15,0,44,head_7,recovery,0.0,-0.015015363693237305,2086,CGGACA,4.69140625,1446,CAGACA,4.7109375,1446,CAGACA,4.7109375,662,AGACAC,0.03711745887994766,2583,GAACAG,0.11398141831159592,2583,GAACAG,0.11398141831159592,False,False,True,-0.0002833530306816101,
15,1,44,head_7,recovery,0.0,-0.009507536888122559,2086,CGGACA,4.69140625,1446,CAGACA,4.7109375,1446,CAGACA,4.7109375,662,AGACAC,0.037129130214452744,2583,GAACAG,0.11347921192646027,2583,GAACAG,0.11347921192646027,False,False,True,-0.00041591376066207886,
15,2,44,head_7,recovery,0.0,0.0035054683685302734,2086,CGGACA,4.69140625,1446,CAGACA,4.7109375,1446,CAGACA,4.7109375,662,AGACAC,0.03700501099228859,2583,GAACAG,0.1121409609913826,2583,GAACAG,0.1121409609913826,False,False,True,-0.0003693699836730957,
15,3,44,head_7,recovery,0.0,0.009685993194580078,2086,CGGACA,4.69140625,1446,CAGACA,4.7109375,1446,CAGACA,4.7109375,662,AGACAC,0.03797652944922447,2583,GAACAG,0.11253583431243896,2583,GAACAG,0.11253583431243896,False,False,True,-0.000712864100933075,
15,4,44,head_7,recovery,-0.025390625,0.018197596073150635,2086,CGGACA,4.69140625,1446,CAGACA,4.71484375,1446,CAGACA,4.71484375,662,AGACAC,0.038126926869153976,2583,GAACAG,0.11189208179712296,2583,GAACAG,0.11189208179712296,False,False,True,-0.0006632432341575623,
15,5,44,head_7,recovery,-0.025390625,-0.0014243125915527344,2086,CGGACA,4.68359375,1446,CAGACA,4.70703125,1446,CAGACA,4.70703125,662,AGACAC,0.038144081830978394,2583,GAACAG,0.1137399822473526,2583,GAACAG,0.1137399822473526,False,False,True,-0.0006135553121566772,
15,6,44,head_7,recovery,0.0,-0.003586292266845703,2086,CGGACA,4.68359375,1446,CAGACA,4.703125,1446,CAGACA,4.703125,662,AGACAC,0.0380454920232296,2583,GAACAG,0.11384310573339462,2583,GAACAG,0.11384310573339462,False,False,True,-0.00043789297342300415,
15,7,44,head_7,recovery,0.0,-0.0012428760528564453,2086,CGGACA,4.68359375,1446,CAGACA,4.703125,1446,CAGACA,4.703125,662,AGACAC,0.0377788245677948,2583,GAACAG,0.1133577972650528,2583,GAACAG,0.1133577972650528,False,False,True,-0.0006234720349311829,
15,8,44,head_7,recovery,0.0,-0.00109100341796875,2086,CGGACA,4.68359375,1446,CAGACA,4.703125,1446,CAGACA,4.703125,662,AGACAC,0.03767077624797821,2583,GAACAG,0.11323557794094086,2583,GAACAG,0.11323557794094086,False,False,True,-0.0007797703146934509,
15,9,44,head_7,recovery,0.0,0.0023459792137145996,2086,CGGACA,4.68359375,1446,CAGACA,4.703125,1446,CAGACA,4.703125,662,AGACAC,0.037558991461992264,2583,GAACAG,0.11280312389135361,2583,GAACAG,0.11280312389135361,False,False,True,-0.0005314499139785767,
15,10,44,head_7,recovery,-0.025390625,-0.011823534965515137,2086,CGGACA,4.68359375,1446,CAGACA,4.70703125,1446,CAGACA,4.70703125,662,AGACAC,0.037362854927778244,2583,GAACAG,0.11392901092767715,2583,GAACAG,0.11392901092767715,False,False,True,-0.0008078813552856445,
15,11,44,head_7,recovery,0.0,-0.0023108720779418945,2086,CGGACA,4.68359375,1446,CAGACA,4.703125,1446,CAGACA,4.703125,662,AGACAC,0.03764653578400612,2583,GAACAG,0.11332514882087708,2583,GAACAG,0.11332514882087708,False,False,True,-0.0006986856460571289,
15,12,44,head_7,recovery,0.0,0.026333391666412354,2086,CGGACA,4.69140625,1446,CAGACA,4.7109375,1446,CAGACA,4.7109375,662,AGACAC,0.03649357333779335,2583,GAACAG,0.10949965566396713,2583,GAACAG,0.10949965566396713,False,False,True,-0.0012278258800506592,
15,13,44,head_7,recovery,-0.025390625,0.034404873847961426,2086,CGGACA,4.69140625,1446,CAGACA,4.71484375,1446,CAGACA,4.71484375,662,AGACAC,0.037072669714689255,2583,GAACAG,0.10932566970586777,2583,GAACAG,0.10932566970586777,False,False,True,-0.001089625060558319,
15,14,44,head_7,recovery,-0.0498046875,-0.015883326530456543,2086,CGGACA,4.69140625,1446,CAGACA,4.71875,1446,CAGACA,4.71875,662,AGACAC,0.03678823262453079,2583,GAACAG,0.11373317241668701,2583,GAACAG,0.11373317241668701,False,False,True,-0.002658374607563019,
15,15,44,head_7,recovery,-0.0498046875,-0.05050039291381836,2086,CGGACA,4.68359375,1446,CAGACA,4.7109375,1446,CAGACA,4.7109375,662,AGACAC,0.03666253015398979,2583,GAACAG,0.1168372705578804,2583,GAACAG,0.1168372705578804,False,False,True,-0.002238847315311432,
15,16,44,head_7,recovery,-0.0751953125,-0.0018943548202514648,2086,CGGACA,4.68359375,1446,CAGACA,4.71484375,1446,CAGACA,4.71484375,662,AGACAC,0.036281097680330276,2583,GAACAG,0.11192085593938828,2583,GAACAG,0.11192085593938828,False,False,True,-0.00273238867521286,
15,17,44,head_7,recovery,-0.025390625,0.1528160572052002,2086,CGGACA,4.6953125,1446,CAGACA,4.71875,1446,CAGACA,4.71875,662,AGACAC,0.03902101144194603,2583,GAACAG,0.10022612661123276,2583,GAACAG,0.10022612661123276,False,False,True,0.0009129121899604797,
15,18,44,head_7,recovery,0.0,0.21973925828933716,2086,CGGACA,4.73828125,1446,CAGACA,4.7578125,1446,CAGACA,4.7578125,662,AGACAC,0.03910916671156883,2583,GAACAG,0.09407028555870056,2583,GAACAG,0.09407028555870056,False,False,True,0.0006323903799057007,
15,19,44,head_7,recovery,0.0498046875,0.15384477376937866,2086,CGGACA,4.76171875,1446,CAGACA,4.7734375,1446,CAGACA,4.7734375,662,AGACAC,0.0387696735560894,2583,GAACAG,0.09987881779670715,2583,GAACAG,0.09987881779670715,False,False,True,0.0013250932097434998,
15,20,44,head_7,recovery,0.0498046875,0.06748330593109131,2086,CGGACA,4.75,1446,CAGACA,4.76171875,1446,CAGACA,4.76171875,662,AGACAC,0.0363771952688694,2583,GAACAG,0.10554394125938416,2583,GAACAG,0.10554394125938416,False,False,True,-0.00016999989748001099,
15,21,44,head_7,recovery,0.02490234375,-0.05965554714202881,2086,CGGACA,4.74609375,1446,CAGACA,4.76171875,1446,CAGACA,4.76171875,662,AGACAC,0.0371166467666626,2583,GAACAG,0.11814558506011963,2583,GAACAG,0.11814558506011963,False,False,True,0.0003668442368507385,
15,22,44,head_7,recovery,0.0,0.001081228256225586,2086,CGGACA,4.7109375,1446,CAGACA,4.73046875,1446,CAGACA,4.73046875,662,AGACAC,0.037955500185489655,2583,GAACAG,0.11331763118505478,2583,GAACAG,0.11331763118505478,False,False,True,0.0004722997546195984,
15,23,44,head_7,recovery,0.0,-0.03423511981964111,2086,CGGACA,4.71875,1446,CAGACA,4.73828125,1606,CCAACA,4.7421875,662,AGACAC,0.03777104243636131,2583,GAACAG,0.11642821878194809,2583,GAACAG,0.11642821878194809,False,False,True,-5.066394805908203e-05,
15,24,44,head_7,recovery,-0.0498046875,-0.046082377433776855,2086,CGGACA,4.68359375,1446,CAGACA,4.7109375,1446,CAGACA,4.7109375,662,AGACAC,0.03827502578496933,2583,GAACAG,0.11803756654262543,2583,GAACAG,0.11803756654262543,False,False,True,-6.280839443206787e-05,
15,25,44,head_7,recovery,-0.0498046875,-0.0586932897567749,2086,CGGACA,4.6953125,1446,CAGACA,4.72265625,1446,CAGACA,4.72265625,662,AGACAC,0.03832241892814636,2583,GAACAG,0.11926157772541046,2583,GAACAG,0.11926157772541046,False,False,True,-0.00026308000087738037,
15,26,44,head_7,recovery,0.0,-0.04272127151489258,2086,CGGACA,4.703125,1446,CAGACA,4.72265625,1446,CAGACA,4.72265625,662,AGACAC,0.038190919905900955,2583,GAACAG,0.11763986945152283,2583,GAACAG,0.11763986945152283,False,False,True,-0.00017146766185760498,
15,27,44,head_7,recovery,0.0,-0.020624399185180664,2086,CGGACA,4.69140625,1446,CAGACA,4.7109375,1446,CAGACA,4.7109375,662,AGACAC,0.037281520664691925,2583,GAACAG,0.11466880887746811,2583,GAACAG,0.11466880887746811,False,False,True,-0.0002623125910758972,
15,28,44,head_7,recovery,-0.025390625,-0.011408090591430664,2086,CGGACA,4.69140625,1446,CAGACA,4.71484375,1446,CAGACA,4.71484375,662,AGACAC,0.037567831575870514,2583,GAACAG,0.11409523338079453,2583,GAACAG,0.11409523338079453,False,False,True,-0.0002522766590118408,
15,29,44,head_7,recovery,-0.025390625,-0.01095116138458252,2086,CGGACA,4.6875,1446,CAGACA,4.7109375,1446,CAGACA,4.7109375,662,AGACAC,0.037695057690143585,2583,GAACAG,0.1141798198223114,2583,GAACAG,0.1141798198223114,False,False,True,-0.0005161464214324951,
15,30,44,head_7,recovery,0.0,-0.01239001750946045,2086,CGGACA,4.69140625,1446,CAGACA,4.7109375,1446,CAGACA,4.7109375,662,AGACAC,0.03764105960726738,2583,GAACAG,0.11426007747650146,2583,GAACAG,0.11426007747650146,False,False,True,-0.0005443990230560303,
15,31,44,head_7,recovery,0.0,-0.008655667304992676,2086,CGGACA,4.69140625,1446,CAGACA,4.7109375,1446,CAGACA,4.7109375,662,AGACAC,0.03738899901509285,2583,GAACAG,0.11365959048271179,2583,GAACAG,0.11365959048271179,False,False,True,-0.0007150322198867798,
16,0,44,head_7,recovery,-0.025390625,0.0070683956146240234,2086,CGGACA,4.68359375,1446,CAGACA,4.70703125,1446,CAGACA,4.70703125,662,AGACAC,0.037733010947704315,2583,GAACAG,0.11253653466701508,2583,GAACAG,0.11253653466701508,False,False,True,-0.0008408278226852417,
16,1,44,head_7,recovery,-0.025390625,0.009217441082000732,2086,CGGACA,4.68359375,1446,CAGACA,4.70703125,1446,CAGACA,4.70703125,662,AGACAC,0.03755680471658707,2583,GAACAG,0.11215981841087341,2583,GAACAG,0.11215981841087341,False,False,True,-0.0005597919225692749,
16,2,44,head_7,recovery,-0.025390625,0.008601784706115723,2086,CGGACA,4.68359375,1446,CAGACA,4.70703125,1446,CAGACA,4.70703125,662,AGACAC,0.03767986595630646,2583,GAACAG,0.11234032362699509,2583,GAACAG,0.11234032362699509,False,False,True,0.0002157166600227356,
16,3,44,head_7,recovery,-0.025390625,0.012022852897644043,2086,CGGACA,4.68359375,1446,CAGACA,4.70703125,1446,CAGACA,4.70703125,662,AGACAC,0.03772280737757683,2583,GAACAG,0.11206407845020294,2583,GAACAG,0.11206407845020294,False,False,True,0.0013085231184959412,
16,4,44,head_7,recovery,-0.025390625,0.012577950954437256,2086,CGGACA,4.68359375,1446,CAGACA,4.70703125,1446,CAGACA,4.70703125,662,AGACAC,0.037734709680080414,2583,GAACAG,0.11202418804168701,2583,GAACAG,0.11202418804168701,False,False,True,0.0013158023357391357,
16,5,44,head_7,recovery,-0.025390625,0.011419296264648438,2086,CGGACA,4.68359375,1446,CAGACA,4.70703125,1446,CAGACA,4.70703125,662,AGACAC,0.037719275802373886,2583,GAACAG,0.11211685836315155,2583,GAACAG,0.11211685836315155,False,False,True,0.0012409985065460205,
16,6,44,head_7,recovery,-0.025390625,0.004765450954437256,2086,CGGACA,4.6875,1446,CAGACA,4.7109375,1446,CAGACA,4.7109375,662,AGACAC,0.03754929080605507,2583,GAACAG,0.11256768554449081,2583,GAACAG,0.11256768554449081,False,False,True,0.0005471557378768921,
16,7,44,head_7,recovery,-0.025390625,0.0075089335441589355,2086,CGGACA,4.68359375,1446,CAGACA,4.70703125,1446,CAGACA,4.70703125,662,AGACAC,0.03768371790647507,2583,GAACAG,0.1124461367726326,2583,GAACAG,0.1124461367726326,False,False,True,0.0007429718971252441,
16,8,44,head_7,recovery,-0.025390625,0.010963499546051025,2086,CGGACA,4.68359375,1446,CAGACA,4.70703125,1446,CAGACA,4.70703125,662,AGACAC,0.0376550517976284,2583,GAACAG,0.11209516227245331,2583,GAACAG,0.11209516227245331,False,False,True,0.001218743622303009,
16,9,44,head_7,recovery,0.0,3.5703182220458984e-05,2086,CGGACA,4.68359375,1446,CAGACA,4.703125,1446,CAGACA,4.703125,662,AGACAC,0.03765194118022919,2583,GAACAG,0.11311162263154984,2583,GAACAG,0.11311162263154984,False,False,True,0.0011945143342018127,
16,10,44,head_7,recovery,-0.0498046875,0.00885629653930664,2086,CGGACA,4.68359375,1446,CAGACA,4.7109375,1446,CAGACA,4.7109375,662,AGACAC,0.03762121871113777,2583,GAACAG,0.1122579276561737,2583,GAACAG,0.1122579276561737,False,False,True,0.000703670084476471,
16,11,44,head_7,recovery,-0.025390625,-0.002303481101989746,2086,CGGACA,4.68359375,1446,CAGACA,4.70703125,1446,CAGACA,4.70703125,662,AGACAC,0.03755773976445198,2583,GAACAG,0.11323566734790802,2583,GAACAG,0.11323566734790802,False,False,True,0.00018230825662612915,
16,12,44,head_7,recovery,-0.025390625,0.008018255233764648,2086,CGGACA,4.6796875,1446,CAGACA,4.703125,1446,CAGACA,4.703125,662,AGACAC,0.03745223954319954,2583,GAACAG,0.11216713488101959,2583,GAACAG,0.11216713488101959,False,False,True,-0.0001589655876159668,
16,13,44,head_7,recovery,-0.0498046875,0.003428637981414795,2086,CGGACA,4.6796875,1446,CAGACA,4.70703125,1446,CAGACA,4.70703125,662,AGACAC,0.03772735223174095,2583,GAACAG,0.1128704622387886,2583,GAACAG,0.1128704622387886,False,False,True,0.0010000020265579224,
16,14,44,head_7,recovery,-0.0498046875,-0.0036710500717163086,2086,CGGACA,4.6796875,1446,CAGACA,4.70703125,1446,CAGACA,4.70703125,662,AGACAC,0.03768814355134964,2583,GAACAG,0.1134936660528183,2583,GAACAG,0.1134936660528183,False,False,True,9.966641664505005e-05,
16,15,44,head_7,recovery,-0.0498046875,0.0014485716819763184,2086,CGGACA,4.6875,1446,CAGACA,4.71484375,1446,CAGACA,4.71484375,662,AGACAC,0.03844408318400383,2583,GAACAG,0.1137719452381134,2583,GAACAG,0.1137719452381134,False,False,True,-0.0001992061734199524,
16,16,44,head_7,recovery,-0.0498046875,-0.014402031898498535,2086,CGGACA,4.68359375,1446,CAGACA,4.7109375,1446,CAGACA,4.7109375,662,AGACAC,0.037872716784477234,2583,GAACAG,0.11467945575714111,2583,GAACAG,0.11467945575714111,False,False,True,-0.0011815428733825684,
16,17,44,head_7,recovery,-0.025390625,-0.012419939041137695,2086,CGGACA,4.6875,1446,CAGACA,4.7109375,1446,CAGACA,4.7109375,662,AGACAC,0.03805222362279892,2583,GAACAG,0.11467402428388596,2583,GAACAG,0.11467402428388596,False,False,True,-0.00040762871503829956,
16,18,44,head_7,recovery,-0.025390625,-0.0008660554885864258,2086,CGGACA,4.6796875,1446,CAGACA,4.703125,1446,CAGACA,4.703125,662,AGACAC,0.037737928330898285,2583,GAACAG,0.1132817491889,2583,GAACAG,0.1132817491889,False,False,True,-6.569176912307739e-05,
16,19,44,head_7,recovery,-0.025390625,-0.0032535791397094727,2086,CGGACA,4.671875,1446,CAGACA,4.6953125,1446,CAGACA,4.6953125,662,AGACAC,0.03727567940950394,2583,GAACAG,0.11304225027561188,2583,GAACAG,0.11304225027561188,False,False,True,0.0005031377077102661,
16,20,44,head_7,recovery,-0.0751953125,0.04352080821990967,2086,CGGACA,4.671875,1446,CAGACA,4.703125,1446,CAGACA,4.703125,662,AGACAC,0.03868963196873665,2583,GAACAG,0.11009210348129272,2583,GAACAG,0.11009210348129272,False,False,True,-0.000738881528377533,
16,21,44,head_7,recovery,-0.125,0.03664928674697876,2086,CGGACA,4.5859375,1446,CAGACA,4.625,1446,CAGACA,4.625,662,AGACAC,0.04073098674416542,2583,GAACAG,0.11277458816766739,2583,GAACAG,0.11277458816766739,False,False,True,-0.00038488954305648804,
16,22,44,head_7,recovery,-0.1748046875,0.09311848878860474,2086,CGGACA,4.6171875,1446,CAGACA,4.6640625,1446,CAGACA,4.6640625,662,AGACAC,0.04060761258006096,2583,GAACAG,0.10738258063793182,2583,GAACAG,0.10738258063793182,False,False,True,-0.0008725449442863464,
16,23,44,head_7,recovery,-0.150390625,0.04843497276306152,2086,CGGACA,4.6171875,1446,CAGACA,4.66015625,1446,CAGACA,4.66015625,662,AGACAC,0.03938822075724602,2583,GAACAG,0.11033220589160919,2583,GAACAG,0.11033220589160919,False,False,True,0.0007270947098731995,
16,24,44,head_7,recovery,-0.099609375,0.03847622871398926,2086,CGGACA,4.70703125,1446,CAGACA,4.7421875,1446,CAGACA,4.7421875,662,AGACAC,0.03719460964202881,2583,GAACAG,0.10906775295734406,2583,GAACAG,0.10906775295734406,False,False,True,0.00017323344945907593,
16,25,44,head_7,recovery,-0.0498046875,0.005178689956665039,2086,CGGACA,4.68359375,1446,CAGACA,4.7109375,1446,CAGACA,4.7109375,662,AGACAC,0.03726145625114441,2583,GAACAG,0.11224129050970078,2583,GAACAG,0.11224129050970078,False,False,True,-0.00013394653797149658,
16,26,44,head_7,recovery,0.0,0.012181282043457031,2086,CGGACA,4.6875,1446,CAGACA,4.70703125,1446,CAGACA,4.70703125,662,AGACAC,0.037365276366472244,2583,GAACAG,0.11169175803661346,2583,GAACAG,0.11169175803661346,False,False,True,-0.0010297298431396484,
16,27,44,head_7,recovery,-0.025390625,0.01254349946975708,2086,CGGACA,4.68359375,1446,CAGACA,4.70703125,1446,CAGACA,4.70703125,662,AGACAC,0.0372474230825901,2583,GAACAG,0.11154010891914368,2583,GAACAG,0.11154010891914368,False,False,True,-0.0009287670254707336,
16,28,44,head_7,recovery,0.0,0.004948973655700684,2086,CGGACA,4.68359375,1446,CAGACA,4.703125,1446,CAGACA,4.703125,662,AGACAC,0.037300221621990204,2583,GAACAG,0.11230149120092392,2583,GAACAG,0.11230149120092392,False,False,True,-0.0007275417447090149,
16,29,44,head_7,recovery,-0.025390625,0.016354024410247803,2086,CGGACA,4.68359375,1446,CAGACA,4.70703125,1446,CAGACA,4.70703125,662,AGACAC,0.037581685930490494,2583,GAACAG,0.11151885241270065,2583,GAACAG,0.11151885241270065,False,False,True,0.0002087131142616272,
16,30,44,head_7,recovery,-0.025390625,0.007490932941436768,2086,CGGACA,4.68359375,1446,CAGACA,4.70703125,1446,CAGACA,4.70703125,662,AGACAC,0.0376146025955677,2583,GAACAG,0.11237870901823044,2583,GAACAG,0.11237870901823044,False,False,True,0.00013948231935501099,
16,31,44,head_7,recovery,-0.0498046875,0.009445667266845703,2086,CGGACA,4.68359375,1446,CAGACA,4.7109375,1446,CAGACA,4.7109375,662,AGACAC,0.03758055716753006,2583,GAACAG,0.1121622771024704,2583,GAACAG,0.1121622771024704,False,False,True,0.0002449899911880493,
17,0,44,head_7,recovery,0.0,1.9788742065429688e-05,2086,CGGACA,4.6875,1446,CAGACA,4.70703125,1446,CAGACA,4.70703125,662,AGACAC,0.03764406964182854,2583,GAACAG,0.11310523003339767,2583,GAACAG,0.11310523003339767,False,False,True,-8.408725261688232e-05,
17,1,44,head_7,recovery,0.0,1.996755599975586e-05,2086,CGGACA,4.6875,1446,CAGACA,4.70703125,1446,CAGACA,4.70703125,662,AGACAC,0.03764406591653824,2583,GAACAG,0.11310521513223648,2583,GAACAG,0.11310521513223648,False,False,True,-8.370727300643921e-05,
17,2,44,head_7,recovery,0.0,2.0444393157958984e-05,2086,CGGACA,4.6875,1446,CAGACA,4.70703125,1446,CAGACA,4.70703125,662,AGACAC,0.0376431830227375,2583,GAACAG,0.11310429126024246,2583,GAACAG,0.11310429126024246,False,False,True,-8.612871170043945e-06,
17,3,44,head_7,recovery,0.0,2.014636993408203e-05,2086,CGGACA,4.6875,1446,CAGACA,4.70703125,1446,CAGACA,4.70703125,662,AGACAC,0.03764405474066734,2583,GAACAG,0.11310519278049469,2583,GAACAG,0.11310519278049469,False,False,True,5.5849552154541016e-05,
17,4,44,head_7,recovery,0.0,2.1159648895263672e-05,2086,CGGACA,4.6875,1446,CAGACA,4.70703125,1446,CAGACA,4.70703125,662,AGACAC,0.03764400631189346,2583,GAACAG,0.11310504376888275,2583,GAACAG,0.11310504376888275,False,False,True,6.712228059768677e-05,
17,5,44,head_7,recovery,0.0,8.761882781982422e-06,2086,CGGACA,4.6875,1446,CAGACA,4.70703125,1446,CAGACA,4.70703125,662,AGACAC,0.03764372691512108,2583,GAACAG,0.11310592293739319,2583,GAACAG,0.11310592293739319,False,False,True,8.829683065414429e-05,
17,6,44,head_7,recovery,0.0,-6.198883056640625e-06,2086,CGGACA,4.6875,1446,CAGACA,4.70703125,1446,CAGACA,4.70703125,662,AGACAC,0.0376426987349987,2583,GAACAG,0.11310628801584244,2583,GAACAG,0.11310628801584244,False,False,True,6.373226642608643e-05,
17,7,44,head_7,recovery,0.0,-1.0013580322265625e-05,2086,CGGACA,4.6875,1446,CAGACA,4.70703125,1446,CAGACA,4.70703125,662,AGACAC,0.03764287754893303,2583,GAACAG,0.11310682445764542,2583,GAACAG,0.11310682445764542,False,False,True,4.435330629348755e-05,
17,8,44,head_7,recovery,0.0,2.562999725341797e-06,2086,CGGACA,4.6875,1446,CAGACA,4.70703125,1446,CAGACA,4.70703125,662,AGACAC,0.03764314576983452,2583,GAACAG,0.11310591548681259,2583,GAACAG,0.11310591548681259,False,False,True,2.804398536682129e-05,
17,9,44,head_7,recovery,0.0,-1.5854835510253906e-05,2086,CGGACA,4.6875,1446,CAGACA,4.70703125,1446,CAGACA,4.70703125,662,AGACAC,0.03764314576983452,2583,GAACAG,0.11310762912034988,2583,GAACAG,0.11310762912034988,False,False,True,-2.5935471057891846e-05,
17,10,44,head_7,recovery,0.0,2.7418136596679688e-05,2086,CGGACA,4.6875,1446,CAGACA,4.70703125,1446,CAGACA,4.70703125,662,AGACAC,0.037644580006599426,2583,GAACAG,0.11310503631830215,2583,GAACAG,0.11310503631830215,False,False,True,-1.2569129467010498e-05,
17,11,44,head_7,recovery,0.0,8.761882781982422e-06,2086,CGGACA,4.6875,1446,CAGACA,4.70703125,1446,CAGACA,4.70703125,662,AGACAC,0.03764372318983078,2583,GAACAG,0.11310591548681259,2583,GAACAG,0.11310591548681259,False,False,True,9.068101644515991e-05,
17,12,44,head_7,recovery,0.0,9.119510650634766e-06,2086,CGGACA,4.6875,1446,CAGACA,4.70703125,1446,CAGACA,4.70703125,662,AGACAC,0.037643712013959885,2583,GAACAG,0.1131058782339096,2583,GAACAG,0.1131058782339096,False,False,True,4.43384051322937e-05,
17,13,44,head_7,recovery,0.0,6.389617919921875e-05,2086,CGGACA,4.6875,1446,CAGACA,4.70703125,1446,CAGACA,4.70703125,662,AGACAC,0.03764460235834122,2583,GAACAG,0.11310165375471115,2583,GAACAG,0.11310165375471115,False,False,True,8.790940046310425e-05,
17,14,44,head_7,recovery,0.0,-0.0003350973129272461,2086,CGGACA,4.6875,1446,CAGACA,4.70703125,1446,CAGACA,4.70703125,662,AGACAC,0.03763991966843605,2583,GAACAG,0.11313419044017792,2583,GAACAG,0.11313419044017792,False,False,True,-0.0001486465334892273,
17,15,44,head_7,recovery,0.0,0.0004442930221557617,2086,CGGACA,4.6875,1446,CAGACA,4.70703125,1446,CAGACA,4.70703125,662,AGACAC,0.03764842078089714,2583,GAACAG,0.11306998133659363,2583,GAACAG,0.11306998133659363,False,False,True,1.0527670383453369e-05,
17,16,44,head_7,recovery,0.0,-0.004509568214416504,2086,CGGACA,4.6875,1446,CAGACA,4.70703125,1446,CAGACA,4.70703125,662,AGACAC,0.03757661208510399,2583,GAACAG,0.11346037685871124,2583,GAACAG,0.11346037685871124,False,False,True,4.5552849769592285e-05,
17,17,44,head_7,recovery,0.0,-0.027155756950378418,2086,CGGACA,4.6875,1446,CAGACA,4.70703125,1446,CAGACA,4.70703125,662,AGACAC,0.037376146763563156,2583,GAACAG,0.11537281423807144,2583,GAACAG,0.11537281423807144,False,False,True,0.00019066780805587769,
17,18,44,head_7,recovery,0.0,-0.07225966453552246,2086,CGGACA,4.6875,1446,CAGACA,4.70703125,1446,CAGACA,4.70703125,662,AGACAC,0.03706663101911545,2583,GAACAG,0.11927154660224915,2583,GAACAG,0.11927154660224915,False,False,True,5.085766315460205e-05,
17,19,44,head_7,recovery,0.0,-0.0158613920211792,2086,CGGACA,4.6875,1446,CAGACA,4.70703125,1446,CAGACA,4.70703125,662,AGACAC,0.038879066705703735,2583,GAACAG,0.1158219650387764,2583,GAACAG,0.1158219650387764,False,False,True,-0.0002588406205177307,
17,20,44,head_7,recovery,0.0,0.02329498529434204,2086,CGGACA,4.6875,1446,CAGACA,4.70703125,1446,CAGACA,4.70703125,662,AGACAC,0.039367564022541046,2583,GAACAG,0.11265712976455688,2583,GAACAG,0.11265712976455688,False,False,True,-0.0004231110215187073,
17,21,44,head_7,recovery,-0.3251953125,0.04843711853027344,2086,CGGACA,4.6875,1446,CAGACA,4.7578125,1446,CAGACA,4.7578125,662,AGACAC,0.039296649396419525,2583,GAACAG,0.11024042963981628,2583,GAACAG,0.11024042963981628,False,False,True,-0.00023165345191955566,
17,22,44,head_7,recovery,-0.3251953125,-0.04527914524078369,2086,CGGACA,4.6875,1446,CAGACA,4.7578125,1446,CAGACA,4.7578125,662,AGACAC,0.03661045432090759,2583,GAACAG,0.11629805713891983,2583,GAACAG,0.11629805713891983,False,False,True,-3.162771463394165e-05,
17,23,44,head_7,recovery,-0.3251953125,-0.06064343452453613,2086,CGGACA,4.6875,1446,CAGACA,4.7578125,1446,CAGACA,4.7578125,662,AGACAC,0.036321599036455154,2583,GAACAG,0.11744269728660583,2583,GAACAG,0.11744269728660583,False,False,True,0.00015364587306976318,
17,24,44,head_7,recovery,0.0,-0.04137372970581055,2086,CGGACA,4.6875,1446,CAGACA,4.70703125,1446,CAGACA,4.70703125,662,AGACAC,0.03658461943268776,2583,GAACAG,0.11590784043073654,2583,GAACAG,0.11590784043073654,False,False,True,-1.4767050743103027e-05,
17,25,44,head_7,recovery,0.0,0.0030950307846069336,2086,CGGACA,4.6875,1446,CAGACA,4.70703125,1446,CAGACA,4.70703125,662,AGACAC,0.03751209005713463,2583,GAACAG,0.11268632858991623,2583,GAACAG,0.11268632858991623,False,False,True,-3.2044947147369385e-05,
17,26,44,head_7,recovery,0.0,0.0035123825073242188,2086,CGGACA,4.6875,1446,CAGACA,4.70703125,1446,CAGACA,4.70703125,662,AGACAC,0.03752097859978676,2583,GAACAG,0.11265628039836884,2583,GAACAG,0.11265628039836884,False,False,True,-4.141032695770264e-05,
17,27,44,head_7,recovery,0.0,0.0057122111320495605,2086,CGGACA,4.6875,1446,CAGACA,4.70703125,1446,CAGACA,4.70703125,662,AGACAC,0.03747846558690071,2583,GAACAG,0.11240852624177933,2583,GAACAG,0.11240852624177933,False,False,True,3.2782554626464844e-07,
17,28,44,head_7,recovery,0.0,0.0055394768714904785,2086,CGGACA,4.6875,1446,CAGACA,4.70703125,1446,CAGACA,4.70703125,662,AGACAC,0.037485674023628235,2583,GAACAG,0.1124318465590477,2583,GAACAG,0.1124318465590477,False,False,True,1.5988945960998535e-05,
17,29,44,head_7,recovery,0.0,0.0043051838874816895,2086,CGGACA,4.6875,1446,CAGACA,4.70703125,1446,CAGACA,4.70703125,662,AGACAC,0.03751750290393829,2583,GAACAG,0.11257883906364441,2583,GAACAG,0.11257883906364441,False,False,True,-6.54757022857666e-05,
17,30,44,head_7,recovery,0.0,0.0005530714988708496,2086,CGGACA,4.6875,1446,CAGACA,4.70703125,1446,CAGACA,4.70703125,662,AGACAC,0.03762699291110039,2583,GAACAG,0.11303839832544327,2583,GAACAG,0.11303839832544327,False,False,True,-9.976327419281006e-05,
17,31,44,head_7,recovery,0.0,-0.0003179311752319336,2086,CGGACA,4.6875,1446,CAGACA,4.70703125,1446,CAGACA,4.70703125,662,AGACAC,0.037652041763067245,2583,GAACAG,0.11314472556114197,2583,GAACAG,0.11314472556114197,False,False,True,-8.147954940795898e-05,
