Layer,Time_Offset,Target_Timestep,Component,Metric_Mode,Logit_Score,Posteriors_Score,Target_Transition_Prior,Target_String_Prior,Target_Logit,Wrong_Transition_Prior,Wrong_String_Prior,Wrong_Logit,Actual_Argmax_Prior,Actual_String_Prior,Actual_Argmax_Logit,Target_Transition_Post,Target_String_Post,Target_Prob,Wrong_Transition_Post,Wrong_String_Post,Wrong_Prob,Actual_Transition_Post,actual_String_Post,actual_Prob,Is_Target_Logit_Argmax,Is_Target_Prob_Argmax,Should_Decode,Global_MSE_Change,New_String
0,0,42,head_5,recovery,-0.01171875,-0.024561405181884766,3287,GGCACC,3.1171875,3286,GGCACA,3.1484375,3286,GGCACA,3.1484375,3287,GGCACC,0.001169537310488522,3286,GGCACA,0.004474518354982138,2653,GACAGG,0.1595497727394104,False,False,True,-0.00043197721242904663,GCGCAGAGGCGCCAGGACAGGCCCCCAGA
0,1,42,head_5,recovery,-0.0302734375,-0.08625710010528564,3287,GGCACC,3.123046875,3286,GGCACA,3.16015625,3286,GGCACA,3.16015625,3287,GGCACC,0.0011829279828816652,3286,GGCACA,0.004567235242575407,2653,GACAGG,0.15808150172233582,False,False,True,-0.0010628923773765564,GCGCAGAGGCGCCAGGACAGGCCCCCAGA
0,2,42,head_5,recovery,-0.01171875,-0.03939998149871826,3287,GGCACC,3.123046875,3286,GGCACA,3.154296875,3286,GGCACA,3.154296875,3287,GGCACC,0.0011762885842472315,3286,GGCACA,0.004500348586589098,2653,GACAGG,0.1591539978981018,False,False,True,0.0005943626165390015,GCGCAGAGGCGCCAGGACAGGCCCCCAGA
0,3,42,head_5,recovery,-0.01171875,0.022233784198760986,3287,GGCACC,3.109375,3286,GGCACA,3.140625,3286,GGCACA,3.140625,3287,GGCACC,0.0011439863592386246,3286,GGCACA,0.004388799890875816,2653,GACAGG,0.16037316620349884,False,False,True,-4.6722590923309326e-05,GCGCAGAGGCGCCAGGACAGGCCCCCAGA
0,4,42,head_5,recovery,0.005859375,0.019242286682128906,3287,GGCACC,3.115234375,3286,GGCACA,3.140625,3286,GGCACA,3.140625,3287,GGCACC,0.0011674490524455905,3286,GGCACA,0.004416109062731266,2653,GACAGG,0.15936942398548126,False,False,True,0.0004543513059616089,GCGCAGAGGCGCCAGGACAGGCCCCCAGA
0,5,42,head_5,recovery,0.02392578125,0.02520066499710083,3287,GGCACC,3.12109375,3286,GGCACA,3.140625,3286,GGCACA,3.140625,3287,GGCACC,0.0011779321357607841,3286,GGCACA,0.004418930970132351,2653,GACAGG,0.15837517380714417,False,False,True,0.0010995492339134216,GCGCAGAGGCGCCAGGACAGGCCCCCAGA
0,6,42,head_5,recovery,0.0419921875,0.05095034837722778,3287,GGCACC,3.12109375,3286,GGCACA,3.134765625,3286,GGCACA,3.134765625,3287,GGCACC,0.0011857085628435016,3286,GGCACA,0.004393599461764097,2653,GACAGG,0.15814147889614105,False,False,True,0.0017747282981872559,GCGCAGAGGCGCCAGGACAGGCCCCCAGA
0,7,42,head_5,recovery,0.01806640625,-0.0055389404296875,3287,GGCACC,3.12109375,3286,GGCACA,3.142578125,3286,GGCACA,3.142578125,3287,GGCACC,0.001185992849059403,3286,GGCACA,0.004466515500098467,2653,GACAGG,0.15699875354766846,False,False,True,-0.00017355382442474365,GCGCAGAGGCGCCAGGACAGGCCCCCAGA
0,8,42,head_5,recovery,0.01220703125,-0.014479279518127441,3287,GGCACC,3.125,3286,GGCACA,3.1484375,3286,GGCACA,3.1484375,3287,GGCACC,0.001202041981741786,3286,GGCACA,0.004494059830904007,2653,GACAGG,0.1567041426897049,False,False,True,-0.00033314526081085205,GCGCAGAGGCGCCAGGACAGGCCCCCAGA
0,9,42,head_5,recovery,-0.01171875,-0.04076099395751953,3287,GGCACC,3.123046875,3286,GGCACA,3.154296875,3286,GGCACA,3.154296875,3287,GGCACC,0.0011807817500084639,3286,GGCACA,0.004506591707468033,2653,GACAGG,0.15832044184207916,False,False,True,-0.00034777820110321045,GCGCAGAGGCGCCAGGACAGGCCCCCAGA
0,10,42,head_5,recovery,0.0,-0.004943251609802246,3287,GGCACC,3.1171875,3286,GGCACA,3.14453125,3286,GGCACA,3.14453125,3287,GGCACC,0.0011816847836598754,3286,GGCACA,0.004461441654711962,2653,GACAGG,0.15789367258548737,False,False,True,0.00011239200830459595,GCGCAGAGGCGCCAGGACAGGCCCCCAGA
0,11,42,head_5,recovery,0.01220703125,0.025634706020355225,3287,GGCACC,3.1171875,3286,GGCACA,3.140625,3286,GGCACA,3.140625,3287,GGCACC,0.0011723057832568884,3286,GGCACA,0.004412746522575617,2653,GACAGG,0.1586853265762329,False,False,True,0.0008608698844909668,GCGCAGAGGCGCCAGGACAGGCCCCCAGA
0,12,42,head_5,recovery,0.005859375,-0.0038777589797973633,3287,GGCACC,3.1171875,3286,GGCACA,3.142578125,3286,GGCACA,3.142578125,3287,GGCACC,0.0011782782385125756,3286,GGCACA,0.004456664901226759,2653,GACAGG,0.15704740583896637,False,False,True,0.001295626163482666,GCGCAGAGGCGCCAGGACAGGCCCCCAGA
0,13,42,head_5,recovery,0.0419921875,0.030086100101470947,3287,GGCACC,3.123046875,3286,GGCACA,3.13671875,3286,GGCACA,3.13671875,3287,GGCACC,0.0011913857888430357,3286,GGCACA,0.004426103085279465,2653,GACAGG,0.15681520104408264,False,False,True,0.0015801787376403809,GCGCAGAGGCGCCAGGACAGGCCCCCAGA
0,14,42,head_5,recovery,0.02392578125,-0.007780671119689941,3287,GGCACC,3.126953125,3286,GGCACA,3.146484375,3286,GGCACA,3.146484375,3287,GGCACC,0.0011924759019166231,3286,GGCACA,0.0044758808799088,2653,GACAGG,0.15668588876724243,False,False,True,0.0009342506527900696,GCGCAGAGGCGCCAGGACAGGCCCCCAGA
0,15,42,head_5,recovery,0.0,-0.0012460947036743164,3287,GGCACC,3.11328125,3286,GGCACA,3.140625,3286,GGCACA,3.140625,3287,GGCACC,0.001169766066595912,3286,GGCACA,0.0044447691179811954,2653,GACAGG,0.15770979225635529,False,False,True,0.0002997070550918579,GCGCAGAGGCGCCAGGACAGGCCCCCAGA
0,16,42,head_5,recovery,0.01220703125,0.028479695320129395,3287,GGCACC,3.1171875,3286,GGCACA,3.140625,3286,GGCACA,3.140625,3287,GGCACC,0.0011773793958127499,3286,GGCACA,0.004414162132889032,2653,GACAGG,0.15855951607227325,False,False,True,0.001191258430480957,GCGCAGAGGCGCCAGGACAGGCCCCCAGA
0,17,42,head_5,recovery,-0.005859375,-0.0024341344833374023,3287,GGCACC,3.1171875,3286,GGCACA,3.146484375,3286,GGCACA,3.146484375,3287,GGCACC,0.0011808653362095356,3286,GGCACA,0.004457395989447832,2653,GACAGG,0.15810230374336243,False,False,True,-0.0002184733748435974,GCGCAGAGGCGCCAGGACAGGCCCCCAGA
0,18,42,head_5,recovery,0.005859375,0.001937568187713623,3287,GGCACC,3.12109375,3286,GGCACA,3.146484375,3286,GGCACA,3.146484375,3287,GGCACC,0.001194608397781849,3286,GGCACA,0.004465518053621054,2653,GACAGG,0.158168226480484,False,False,True,0.000894889235496521,GCGCAGAGGCGCCAGGACAGGCCCCCAGA
0,19,42,head_5,recovery,0.01220703125,-0.02405714988708496,3287,GGCACC,3.1171875,3286,GGCACA,3.140625,3286,GGCACA,3.140625,3287,GGCACC,0.0011925676371902227,3286,GGCACA,0.004496900364756584,2653,GACAGG,0.15663819015026093,False,False,True,0.0007930099964141846,GCGCAGAGGCGCCAGGACAGGCCCCCAGA
0,20,42,head_5,recovery,0.072265625,-0.024336934089660645,3287,GGCACC,3.1328125,3286,GGCACA,3.13671875,3286,GGCACA,3.13671875,3287,GGCACC,0.0012446879409253597,3286,GGCACA,0.004549380391836166,2653,GACAGG,0.15325360000133514,False,False,True,0.0012822002172470093,GCGCAGAGGCGCCAGGACAGGCCCCCAGA
0,21,42,head_5,recovery,0.06005859375,-0.022181987762451172,3287,GGCACC,3.1328125,3286,GGCACA,3.140625,3286,GGCACA,3.140625,3287,GGCACC,0.0012458674609661102,3286,GGCACA,0.004547789227217436,2653,GACAGG,0.15409325063228607,False,False,True,0.0016995072364807129,GCGCAGAGGCGCCAGGACAGGCCCCCAGA
0,22,42,head_5,recovery,0.072265625,-0.01277148723602295,3287,GGCACC,3.140625,3286,GGCACA,3.14453125,3286,GGCACA,3.14453125,3287,GGCACC,0.0012306645512580872,3286,GGCACA,0.0045204865746200085,2653,GACAGG,0.15555407106876373,False,False,True,0.0024412348866462708,GCGCAGAGGCGCCAGGACAGGCCCCCAGA
0,23,42,head_5,recovery,0.05419921875,0.008382201194763184,3287,GGCACC,3.126953125,3286,GGCACA,3.13671875,3286,GGCACA,3.13671875,3287,GGCACC,0.0012038240674883127,3286,GGCACA,0.00446644751355052,2653,GACAGG,0.15745216608047485,False,False,True,0.002524830400943756,GCGCAGAGGCGCCAGGACAGGCCCCCAGA
0,24,42,head_5,recovery,0.072265625,0.07326853275299072,3287,GGCACC,3.123046875,3286,GGCACA,3.126953125,3286,GGCACA,3.126953125,3287,GGCACC,0.0011934799840673804,3286,GGCACA,0.004372674971818924,2653,GACAGG,0.15728990733623505,False,False,True,0.003094486892223358,GCGCAGAGGCGCCAGGACAGGCCCCCAGA
0,25,42,head_5,recovery,0.04833984375,0.038593411445617676,3287,GGCACC,3.12890625,3286,GGCACA,3.140625,3286,GGCACA,3.140625,3287,GGCACC,0.001200387952849269,3286,GGCACA,0.004424166865646839,2653,GACAGG,0.15580470860004425,False,False,True,0.002400308847427368,GCGCAGAGGCGCCAGGACAGGCCCCCAGA
0,26,42,head_5,recovery,0.06640625,0.03859972953796387,3287,GGCACC,3.134765625,3286,GGCACA,3.140625,3286,GGCACA,3.140625,3287,GGCACC,0.001220196601934731,3286,GGCACA,0.0044439672492444515,2653,GACAGG,0.15431329607963562,False,False,True,0.003359071910381317,GCGCAGAGGCGCCAGGACAGGCCCCCAGA
0,27,42,head_5,recovery,0.05419921875,0.006735563278198242,3287,GGCACC,3.134765625,3286,GGCACA,3.14453125,3286,GGCACA,3.14453125,3287,GGCACC,0.0012092463439330459,3286,GGCACA,0.0044739870354533195,2653,GACAGG,0.15649296343326569,False,False,True,0.002933807671070099,GCGCAGAGGCGCCAGGACAGGCCCCCAGA
0,28,42,head_5,recovery,0.06005859375,0.03563719987869263,3287,GGCACC,3.12890625,3286,GGCACA,3.13671875,3286,GGCACA,3.13671875,3287,GGCACC,0.00120513082947582,3286,GGCACA,0.0044327108189463615,2653,GACAGG,0.15493331849575043,False,False,True,0.002836175262928009,GCGCAGAGGCGCCAGGACAGGCCCCCAGA
0,29,42,head_5,recovery,0.06640625,0.06433713436126709,3287,GGCACC,3.12890625,3286,GGCACA,3.134765625,3286,GGCACA,3.134765625,3287,GGCACC,0.00120422278996557,3286,GGCACA,0.00439490145072341,2653,GACAGG,0.15548892319202423,False,False,True,0.0033664852380752563,GCGCAGAGGCGCCAGGACAGGCCCCCAGA
0,30,42,head_5,recovery,0.06005859375,0.03650009632110596,3287,GGCACC,3.126953125,3286,GGCACA,3.134765625,3286,GGCACA,3.134765625,3287,GGCACC,0.0012034301180392504,3286,GGCACA,0.004429900553077459,2653,GACAGG,0.15469813346862793,False,False,True,0.003552250564098358,GCGCAGAGGCGCCAGGACAGGCCCCCAGA
0,31,42,head_5,recovery,0.04833984375,0.03444349765777588,3287,GGCACC,3.123046875,3286,GGCACA,3.134765625,3286,GGCACA,3.134765625,3287,GGCACC,0.0011862731771543622,3286,GGCACA,0.004415387753397226,2653,GACAGG,0.15759515762329102,False,False,True,0.00235845148563385,GCGCAGAGGCGCCAGGACAGGCCCCCAGA
0,32,42,head_5,recovery,-0.005859375,0.011066019535064697,3287,GGCACC,3.115234375,3286,GGCACA,3.14453125,3286,GGCACA,3.14453125,3287,GGCACC,0.001164015382528305,3286,GGCACA,0.004423188045620918,2653,GACAGG,0.15867778658866882,False,False,True,0.0005235299468040466,GCGCAGAGGCGCCAGGACAGGCCCCCAGA
1,0,42,head_5,recovery,0.0,0.015228033065795898,3287,GGCACC,3.1171875,3286,GGCACA,3.14453125,3286,GGCACA,3.14453125,3287,GGCACC,0.0011656727874651551,3286,GGCACA,0.004419493954628706,2653,GACAGG,0.15839534997940063,False,False,True,0.00016120076179504395,GCGCAGAGGCGCCAGGACAGGCCCCCAGA
1,1,42,head_5,recovery,-0.005859375,-0.00929105281829834,3287,GGCACC,3.115234375,3286,GGCACA,3.14453125,3286,GGCACA,3.14453125,3287,GGCACC,0.0011727319797500968,3286,GGCACA,0.0044580791145563126,2653,GACAGG,0.1573803424835205,False,False,True,-0.0003748089075088501,GCGCAGAGGCGCCAGGACAGGCCCCCAGA
1,2,42,head_5,recovery,-0.01171875,-0.020452141761779785,3287,GGCACC,3.1171875,3286,GGCACA,3.1484375,3286,GGCACA,3.1484375,3287,GGCACC,0.001170711824670434,3286,GGCACA,0.004470409359782934,2653,GACAGG,0.15740197896957397,False,False,True,-0.0003437921404838562,GCGCAGAGGCGCCAGGACAGGCCCCCAGA
1,3,42,head_5,recovery,0.005859375,-0.022620439529418945,3287,GGCACC,3.115234375,3286,GGCACA,3.140625,3286,GGCACA,3.140625,3287,GGCACC,0.0011779714841395617,3286,GGCACA,0.004480456933379173,2653,GACAGG,0.15763303637504578,False,False,True,9.12696123123169e-05,GCGCAGAGGCGCCAGGACAGGCCCCCAGA
1,4,42,head_5,recovery,-0.0185546875,-0.0450977087020874,3287,GGCACC,3.123046875,3286,GGCACA,3.15625,3286,GGCACA,3.15625,3287,GGCACC,0.0011739745968952775,3286,GGCACA,0.004505360499024391,2653,GACAGG,0.15704067051410675,False,False,True,-0.0004377514123916626,GCGCAGAGGCGCCAGGACAGGCCCCCAGA
1,5,42,head_5,recovery,-0.0185546875,-0.02956366539001465,3287,GGCACC,3.12109375,3286,GGCACA,3.154296875,3286,GGCACA,3.154296875,3287,GGCACC,0.0011784210801124573,3286,GGCACA,0.004489833954721689,2653,GACAGG,0.1580352634191513,False,False,True,-0.00020396709442138672,GCGCAGAGGCGCCAGGACAGGCCCCCAGA
1,6,42,head_5,recovery,-0.0244140625,-0.015138626098632812,3287,GGCACC,3.1171875,3286,GGCACA,3.15234375,3286,GGCACA,3.15234375,3287,GGCACC,0.0011610471410676837,3286,GGCACA,0.00445391284301877,2653,GACAGG,0.15809452533721924,False,False,True,-0.0009716004133224487,GCGCAGAGGCGCCAGGACAGGCCCCCAGA
1,7,42,head_5,recovery,-0.005859375,-0.009911417961120605,3287,GGCACC,3.11328125,3286,GGCACA,3.142578125,3286,GGCACA,3.142578125,3287,GGCACC,0.001162535510957241,3286,GGCACA,0.004448680207133293,2653,GACAGG,0.15736998617649078,False,False,True,-0.0005761086940765381,GCGCAGAGGCGCCAGGACAGGCCCCCAGA
1,8,42,head_5,recovery,-0.01171875,0.004410088062286377,3287,GGCACC,3.109375,3286,GGCACA,3.140625,3286,GGCACA,3.140625,3287,GGCACC,0.0011548519833013415,3286,GGCACA,0.004422582685947418,2653,GACAGG,0.15836584568023682,False,False,True,0.00011777877807617188,GCGCAGAGGCGCCAGGACAGGCCCCCAGA
1,9,42,head_5,recovery,0.0,0.020610392093658447,3287,GGCACC,3.109375,3286,GGCACA,3.13671875,3286,GGCACA,3.13671875,3287,GGCACC,0.0011515042278915644,3286,GGCACA,0.004398405086249113,2653,GACAGG,0.15911367535591125,False,False,True,-7.092207670211792e-05,GCGCAGAGGCGCCAGGACAGGCCCCCAGA
1,10,42,head_5,recovery,0.0,-0.003155946731567383,3287,GGCACC,3.115234375,3286,GGCACA,3.142578125,3286,GGCACA,3.142578125,3287,GGCACC,0.0011689962120726705,3286,GGCACA,0.0044464548118412495,2653,GACAGG,0.15850555896759033,False,False,True,-0.0005106553435325623,GCGCAGAGGCGCCAGGACAGGCCCCCAGA
1,11,42,head_5,recovery,-0.01171875,-0.01761925220489502,3287,GGCACC,3.11328125,3286,GGCACA,3.14453125,3286,GGCACA,3.14453125,3287,GGCACC,0.0011640444863587618,3286,GGCACA,0.004460099618881941,2653,GACAGG,0.15823201835155487,False,False,True,-0.0012870654463768005,GCGCAGAGGCGCCAGGACAGGCCCCCAGA
1,12,42,head_5,recovery,-0.01171875,0.002023041248321533,3287,GGCACC,3.11328125,3286,GGCACA,3.14453125,3286,GGCACA,3.14453125,3287,GGCACC,0.0011546243913471699,3286,GGCACA,0.00442542415112257,2653,GACAGG,0.1586708128452301,False,False,True,-0.0007319003343582153,GCGCAGAGGCGCCAGGACAGGCCCCCAGA
1,13,42,head_5,recovery,-0.0244140625,0.00513988733291626,3287,GGCACC,3.10546875,3286,GGCACA,3.140625,3286,GGCACA,3.140625,3287,GGCACC,0.0011420645751059055,3286,GGCACA,0.004408856853842735,2653,GACAGG,0.1584390252828598,False,False,True,-0.0009093433618545532,GCGCAGAGGCGCCAGGACAGGCCCCCAGA
1,14,42,head_5,recovery,-0.0185546875,-0.05254173278808594,3287,GGCACC,3.115234375,3286,GGCACA,3.1484375,3286,GGCACA,3.1484375,3287,GGCACC,0.0011686179786920547,3286,GGCACA,0.0045095751993358135,2653,GACAGG,0.15746605396270752,False,False,True,-0.0014924630522727966,GCGCAGAGGCGCCAGGACAGGCCCCCAGA
1,15,42,head_5,recovery,-0.01171875,-0.0460054874420166,3287,GGCACC,3.11328125,3286,GGCACA,3.14453125,3286,GGCACA,3.14453125,3287,GGCACC,0.0011658223811537027,3286,GGCACA,0.004498375579714775,2653,GACAGG,0.1565438061952591,False,False,True,-0.001588776707649231,GCGCAGAGGCGCCAGGACAGGCCCCCAGA
1,16,42,head_5,recovery,-0.0244140625,0.012634038925170898,3287,GGCACC,3.107421875,3286,GGCACA,3.142578125,3286,GGCACA,3.142578125,3287,GGCACC,0.0011422906536608934,3286,GGCACA,0.004399447236210108,2653,GACAGG,0.15848250687122345,False,False,True,-0.0011954829096794128,GCGCAGAGGCGCCAGGACAGGCCCCCAGA
1,17,42,head_5,recovery,-0.0546875,-0.034539103507995605,3287,GGCACC,3.107421875,3286,GGCACA,3.15234375,3286,GGCACA,3.15234375,3287,GGCACC,0.0011481757974252105,3286,GGCACA,0.004465986043214798,2653,GACAGG,0.15845051407814026,False,False,True,-0.0018351078033447266,GCGCAGAGGCGCCAGGACAGGCCCCCAGA
1,18,42,head_5,recovery,-0.0361328125,-0.01033627986907959,3287,GGCACC,3.109375,3286,GGCACA,3.1484375,3286,GGCACA,3.1484375,3287,GGCACC,0.0011556941317394376,3286,GGCACA,0.00444238493219018,2653,GACAGG,0.15730321407318115,False,False,True,-0.001113392412662506,GCGCAGAGGCGCCAGGACAGGCCCCCAGA
1,19,42,head_5,recovery,-0.01171875,-0.006847500801086426,3287,GGCACC,3.11328125,3286,GGCACA,3.14453125,3286,GGCACA,3.14453125,3287,GGCACC,0.0011676163412630558,3286,GGCACA,0.004449821542948484,2653,GACAGG,0.15667946636676788,False,False,True,-0.0007623285055160522,GCGCAGAGGCGCCAGGACAGGCCCCCAGA
1,20,42,head_5,recovery,0.01220703125,0.017021119594573975,3287,GGCACC,3.12109375,3286,GGCACA,3.14453125,3286,GGCACA,3.14453125,3287,GGCACC,0.0011714855208992958,3286,GGCACA,0.004423001315444708,2653,GACAGG,0.1570068746805191,False,False,True,-0.0007187128067016602,GCGCAGAGGCGCCAGGACAGGCCCCCAGA
1,21,42,head_5,recovery,0.01806640625,0.005899310111999512,3287,GGCACC,3.115234375,3286,GGCACA,3.13671875,3286,GGCACA,3.13671875,3287,GGCACC,0.0011818786151707172,3286,GGCACA,0.004447694402188063,2653,GACAGG,0.1559678614139557,False,False,True,0.0007948502898216248,GCGCAGAGGCGCCAGGACAGGCCCCCAGA
1,22,42,head_5,recovery,0.005859375,-0.043404579162597656,3287,GGCACC,3.126953125,3286,GGCACA,3.15234375,3286,GGCACA,3.15234375,3287,GGCACC,0.0011942138662561774,3286,GGCACA,0.004523423034697771,2653,GACAGG,0.1563287228345871,False,False,True,0.0008274838328361511,GCGCAGAGGCGCCAGGACAGGCCCCCAGA
1,23,42,head_5,recovery,0.0,-0.0186464786529541,3287,GGCACC,3.12109375,3286,GGCACA,3.1484375,3286,GGCACA,3.1484375,3287,GGCACC,0.0011768065160140395,3286,GGCACA,0.004474182613193989,2653,GACAGG,0.15758290886878967,False,False,True,1.874566078186035e-05,GCGCAGAGGCGCCAGGACAGGCCCCCAGA
1,24,42,head_5,recovery,-0.0244140625,-0.04982256889343262,3287,GGCACC,3.1171875,3286,GGCACA,3.15234375,3286,GGCACA,3.15234375,3287,GGCACC,0.0011743212817236781,3286,GGCACA,0.004511782433837652,2653,GACAGG,0.1582176685333252,False,False,True,-0.00017896294593811035,GCGCAGAGGCGCCAGGACAGGCCCCCAGA
1,25,42,head_5,recovery,-0.01171875,-0.006021738052368164,3287,GGCACC,3.11328125,3286,GGCACA,3.14453125,3286,GGCACA,3.14453125,3287,GGCACC,0.001158156432211399,3286,GGCACA,0.004439299926161766,2653,GACAGG,0.15880444645881653,False,False,True,0.00034800171852111816,GCGCAGAGGCGCCAGGACAGGCCCCCAGA
1,26,42,head_5,recovery,-0.0244140625,0.00650942325592041,3287,GGCACC,3.109375,3286,GGCACA,3.14453125,3286,GGCACA,3.14453125,3287,GGCACC,0.0011486939620226622,3286,GGCACA,0.004413725342601538,2653,GACAGG,0.15891195833683014,False,False,True,0.0004223436117172241,GCGCAGAGGCGCCAGGACAGGCCCCCAGA
1,27,42,head_5,recovery,-0.0244140625,-0.002666950225830078,3287,GGCACC,3.1171875,3286,GGCACA,3.15234375,3286,GGCACA,3.15234375,3287,GGCACC,0.0011588811175897717,3286,GGCACA,0.004435711074620485,2653,GACAGG,0.15847280621528625,False,False,True,-0.00013885647058486938,GCGCAGAGGCGCCAGGACAGGCCCCCAGA
1,28,42,head_5,recovery,-0.01171875,-0.013036966323852539,3287,GGCACC,3.115234375,3286,GGCACA,3.146484375,3286,GGCACA,3.146484375,3287,GGCACC,0.0011633081594482064,3286,GGCACA,0.0044534713961184025,2653,GACAGG,0.1571049690246582,False,False,True,-0.0004798322916030884,GCGCAGAGGCGCCAGGACAGGCCCCCAGA
1,29,42,head_5,recovery,-0.01171875,-0.008711576461791992,3287,GGCACC,3.123046875,3286,GGCACA,3.154296875,3286,GGCACA,3.154296875,3287,GGCACC,0.0011713015846908092,3286,GGCACA,0.004455903545022011,2653,GACAGG,0.1581820845603943,False,False,True,-0.0008801370859146118,GCGCAGAGGCGCCAGGACAGGCCCCCAGA
1,30,42,head_5,recovery,0.0,-0.011262655258178711,3287,GGCACC,3.1171875,3286,GGCACA,3.14453125,3286,GGCACA,3.14453125,3287,GGCACC,0.001182475476525724,3286,GGCACA,0.004470357671380043,2653,GACAGG,0.15694448351860046,False,False,True,-0.00022911280393600464,GCGCAGAGGCGCCAGGACAGGCCCCCAGA
1,31,42,head_5,recovery,-0.0185546875,-0.03514230251312256,3287,GGCACC,3.12109375,3286,GGCACA,3.154296875,3286,GGCACA,3.154296875,3287,GGCACC,0.0011721465270966291,3286,GGCACA,0.004490732215344906,2653,GACAGG,0.15796081721782684,False,False,True,-0.0007417723536491394,GCGCAGAGGCGCCAGGACAGGCCCCCAGA
1,32,42,head_5,recovery,0.0,0.0005291104316711426,3287,GGCACC,3.115234375,3286,GGCACA,3.142578125,3286,GGCACA,3.142578125,3287,GGCACC,0.0011783912777900696,3286,GGCACA,0.004451111890375614,2653,GACAGG,0.15728791058063507,False,False,True,-0.00028793513774871826,GCGCAGAGGCGCCAGGACAGGCCCCCAGA
2,0,42,head_5,recovery,0.02392578125,0.02307075262069702,3287,GGCACC,3.125,3286,GGCACA,3.14453125,3286,GGCACA,3.14453125,3287,GGCACC,0.001187106128782034,3286,GGCACA,0.0044308435171842575,2653,GACAGG,0.15735967457294464,False,False,True,0.0003550723195075989,GCGCAGAGGCGCCAGGACAGGCCCCCAGA
2,1,42,head_5,recovery,0.01806640625,0.036673009395599365,3287,GGCACC,3.115234375,3286,GGCACA,3.13671875,3286,GGCACA,3.13671875,3287,GGCACC,0.001171449781395495,3286,GGCACA,0.004397697746753693,2653,GACAGG,0.15771763026714325,False,False,True,0.00016488134860992432,GCGCAGAGGCGCCAGGACAGGCCCCCAGA
2,2,42,head_5,recovery,0.01806640625,0.029272139072418213,3287,GGCACC,3.12109375,3286,GGCACA,3.142578125,3286,GGCACA,3.142578125,3287,GGCACC,0.001177008729428053,3286,GGCACA,0.004412772599607706,2653,GACAGG,0.15770862996578217,False,False,True,0.0008219480514526367,GCGCAGAGGCGCCAGGACAGGCCCCCAGA
2,3,42,head_5,recovery,0.005859375,0.0013346076011657715,3287,GGCACC,3.1171875,3286,GGCACA,3.142578125,3286,GGCACA,3.142578125,3287,GGCACC,0.001178703154437244,3286,GGCACA,0.004450388252735138,2653,GACAGG,0.15746884047985077,False,False,True,-3.5375356674194336e-05,GCGCAGAGGCGCCAGGACAGGCCCCCAGA
2,4,42,head_5,recovery,0.01806640625,0.01737821102142334,3287,GGCACC,3.12109375,3286,GGCACA,3.142578125,3286,GGCACA,3.142578125,3287,GGCACC,0.0011854058830067515,3286,GGCACA,0.0044364626519382,2653,GACAGG,0.15795162320137024,False,False,True,-0.00034824758768081665,GCGCAGAGGCGCCAGGACAGGCCCCCAGA
2,5,42,head_5,recovery,0.02392578125,0.03704351186752319,3287,GGCACC,3.115234375,3286,GGCACA,3.134765625,3286,GGCACA,3.134765625,3287,GGCACC,0.0011752560967579484,3286,GGCACA,0.00440102769061923,2653,GACAGG,0.15862171351909637,False,False,True,-0.0005125775933265686,GCGCAGAGGCGCCAGGACAGGCCCCCAGA
2,6,42,head_5,recovery,0.02392578125,0.027133524417877197,3287,GGCACC,3.123046875,3286,GGCACA,3.142578125,3286,GGCACA,3.142578125,3287,GGCACC,0.00118255487177521,3286,GGCACA,0.0044210683554410934,2653,GACAGG,0.15789666771888733,False,False,True,-0.0005240961909294128,GCGCAGAGGCGCCAGGACAGGCCCCCAGA
2,7,42,head_5,recovery,0.005859375,0.014851570129394531,3287,GGCACC,3.12109375,3286,GGCACA,3.146484375,3286,GGCACA,3.146484375,3287,GGCACC,0.0011619401630014181,3286,GGCACA,0.004416245501488447,2653,GACAGG,0.15912890434265137,False,False,True,-0.0003903508186340332,GCGCAGAGGCGCCAGGACAGGCCCCCAGA
2,8,42,head_5,recovery,-0.0244140625,-0.01352548599243164,3287,GGCACC,3.109375,3286,GGCACA,3.14453125,3286,GGCACA,3.14453125,3287,GGCACC,0.0011625696206465364,3286,GGCACA,0.0044533610343933105,2653,GACAGG,0.15802189707756042,False,False,True,-0.0006550773978233337,GCGCAGAGGCGCCAGGACAGGCCCCCAGA
2,9,42,head_5,recovery,-0.0185546875,-0.0055207014083862305,3287,GGCACC,3.11328125,3286,GGCACA,3.146484375,3286,GGCACA,3.146484375,3287,GGCACC,0.0011542073916643858,3286,GGCACA,0.0044347066432237625,2653,GACAGG,0.15947745740413666,False,False,True,-0.0010184049606323242,GCGCAGAGGCGCCAGGACAGGCCCCCAGA
2,10,42,head_5,recovery,-0.01171875,0.01071310043334961,3287,GGCACC,3.115234375,3286,GGCACA,3.146484375,3286,GGCACA,3.146484375,3287,GGCACC,0.0011542981956154108,3286,GGCACA,0.004413924645632505,2653,GACAGG,0.15979450941085815,False,False,True,-0.000510096549987793,GCGCAGAGGCGCCAGGACAGGCCCCCAGA
2,11,42,head_5,recovery,-0.0361328125,-0.02718639373779297,3287,GGCACC,3.115234375,3286,GGCACA,3.154296875,3286,GGCACA,3.154296875,3287,GGCACC,0.001154691562987864,3286,GGCACA,0.004463047720491886,2653,GACAGG,0.1599026322364807,False,False,True,-0.0014574825763702393,GCGCAGAGGCGCCAGGACAGGCCCCCAGA
2,12,42,head_5,recovery,-0.0361328125,-0.04300665855407715,3287,GGCACC,3.11328125,3286,GGCACA,3.15234375,3286,GGCACA,3.15234375,3287,GGCACC,0.0011605961481109262,3286,GGCACA,0.004489293321967125,2653,GACAGG,0.15990330278873444,False,False,True,-0.0021715089678764343,GCGCAGAGGCGCCAGGACAGGCCCCCAGA
2,13,42,head_5,recovery,-0.01171875,-0.042845845222473145,3287,GGCACC,3.115234375,3286,GGCACA,3.146484375,3286,GGCACA,3.146484375,3287,GGCACC,0.0011824177345260978,3286,GGCACA,0.004510908387601376,2653,GACAGG,0.1573900729417801,False,False,True,-0.0011275336146354675,GCGCAGAGGCGCCAGGACAGGCCCCCAGA
2,14,42,head_5,recovery,-0.005859375,-0.035707831382751465,3287,GGCACC,3.1171875,3286,GGCACA,3.146484375,3286,GGCACA,3.146484375,3287,GGCACC,0.0011767466785386205,3286,GGCACA,0.004496059380471706,2653,GACAGG,0.15774330496788025,False,False,True,-0.0009947866201400757,GCGCAGAGGCGCCAGGACAGGCCCCCAGA
2,15,42,head_5,recovery,-0.0244140625,0.00606989860534668,3287,GGCACC,3.107421875,3286,GGCACA,3.142578125,3286,GGCACA,3.142578125,3287,GGCACC,0.0011506007285788655,3286,GGCACA,0.004416197072714567,2653,GACAGG,0.15808652341365814,False,False,True,-0.0006142407655715942,GCGCAGAGGCGCCAGGACAGGCCCCCAGA
2,16,42,head_5,recovery,-0.0546875,-0.045101046562194824,3287,GGCACC,3.107421875,3286,GGCACA,3.15234375,3286,GGCACA,3.15234375,3287,GGCACC,0.0011353562586009502,3286,GGCACA,0.0044667464680969715,2653,GACAGG,0.15948911011219025,False,False,True,-0.002178579568862915,GCGCAGAGGCGCCAGGACAGGCCCCCAGA
2,17,42,head_5,recovery,-0.0361328125,-0.011465787887573242,3287,GGCACC,3.10546875,3286,GGCACA,3.14453125,3286,GGCACA,3.14453125,3287,GGCACC,0.0011387276463210583,3286,GGCACA,0.004426870960742235,2653,GACAGG,0.15886323153972626,False,False,True,-0.001488015055656433,GCGCAGAGGCGCCAGGACAGGCCCCCAGA
2,18,42,head_5,recovery,-0.005859375,-0.011053919792175293,3287,GGCACC,3.1171875,3286,GGCACA,3.146484375,3286,GGCACA,3.146484375,3287,GGCACC,0.0011672207619994879,3286,GGCACA,0.004454834386706352,2653,GACAGG,0.15850892663002014,False,False,True,-0.0006234943866729736,GCGCAGAGGCGCCAGGACAGGCCCCCAGA
2,19,42,head_5,recovery,0.0361328125,0.017668306827545166,3287,GGCACC,3.12109375,3286,GGCACA,3.13671875,3286,GGCACA,3.13671875,3287,GGCACC,0.0011996441753581166,3286,GGCACA,0.004450327716767788,2653,GACAGG,0.1538800299167633,False,False,True,0.0011934787034988403,GCGCAGAGGCGCCAGGACAGGCCCCCAGA
2,20,42,head_5,recovery,0.1806640625,0.0237351655960083,3287,GGCACC,3.171875,3286,GGCACA,3.140625,3287,GGCACC,3.171875,3287,GGCACC,0.0013849374372512102,3286,GGCACA,0.004627820570021868,2653,GACAGG,0.14748679101467133,True,False,True,0.010030880570411682,GCGCAGAGGCGCCAGGACAGGCCCCCAGA
2,21,42,head_5,recovery,0.22265625,0.06444782018661499,3287,GGCACC,3.173828125,3286,GGCACA,3.12890625,3287,GGCACC,3.173828125,3287,GGCACC,0.0013957649935036898,3286,GGCACA,0.004586301278322935,2653,GACAGG,0.14656558632850647,True,False,True,0.01148136705160141,GCGCAGAGGCGCCAGGACAGGCCCCCAGA
2,22,42,head_5,recovery,0.20458984375,0.06589823961257935,3287,GGCACC,3.173828125,3286,GGCACA,3.134765625,3287,GGCACC,3.173828125,3287,GGCACC,0.0013663617428392172,3286,GGCACA,0.004555033054202795,2653,GACAGG,0.14874573051929474,True,False,True,0.01022164523601532,GCGCAGAGGCGCCAGGACAGGCCCCCAGA
2,23,42,head_5,recovery,0.02392578125,0.037280380725860596,3287,GGCACC,3.12109375,3286,GGCACA,3.140625,3286,GGCACA,3.140625,3287,GGCACC,0.0011832782765850425,3286,GGCACA,0.004408745560795069,2653,GACAGG,0.15691450238227844,False,False,True,0.0009057223796844482,GCGCAGAGGCGCCAGGACAGGCCCCCAGA
2,24,42,head_5,recovery,0.0,0.010760724544525146,3287,GGCACC,3.1171875,3286,GGCACA,3.14453125,3286,GGCACA,3.14453125,3287,GGCACC,0.0011709305690601468,3286,GGCACA,0.004430495668202639,2653,GACAGG,0.15732811391353607,False,False,True,-7.607787847518921e-05,GCGCAGAGGCGCCAGGACAGGCCCCCAGA
2,25,42,head_5,recovery,0.01220703125,0.004748165607452393,3287,GGCACC,3.11328125,3286,GGCACA,3.13671875,3286,GGCACA,3.13671875,3287,GGCACC,0.0011714708525687456,3286,GGCACA,0.004438766743987799,2653,GACAGG,0.15837885439395905,False,False,True,0.0002432689070701599,GCGCAGAGGCGCCAGGACAGGCCCCCAGA
2,26,42,head_5,recovery,0.01220703125,0.032126545906066895,3287,GGCACC,3.11328125,3286,GGCACA,3.13671875,3286,GGCACA,3.13671875,3287,GGCACC,0.001167684094980359,3286,GGCACA,0.004399777855724096,2653,GACAGG,0.1584702581167221,False,False,True,0.0006804019212722778,GCGCAGAGGCGCCAGGACAGGCCCCCAGA
2,27,42,head_5,recovery,0.01220703125,0.04360741376876831,3287,GGCACC,3.109375,3286,GGCACA,3.1328125,3286,GGCACA,3.1328125,3287,GGCACC,0.0011658825678750873,3286,GGCACA,0.004383214749395847,2653,GACAGG,0.15778213739395142,False,False,True,0.0006665512919425964,GCGCAGAGGCGCCAGGACAGGCCCCCAGA
2,28,42,head_5,recovery,0.005859375,0.037928640842437744,3287,GGCACC,3.1171875,3286,GGCACA,3.142578125,3286,GGCACA,3.142578125,3287,GGCACC,0.0011788859264925122,3286,GGCACA,0.004403519444167614,2653,GACAGG,0.15778911113739014,False,False,True,0.0008134022355079651,GCGCAGAGGCGCCAGGACAGGCCCCCAGA
2,29,42,head_5,recovery,0.0302734375,0.04129081964492798,3287,GGCACC,3.123046875,3286,GGCACA,3.140625,3286,GGCACA,3.140625,3287,GGCACC,0.0011912200134247541,3286,GGCACA,0.004411530680954456,2653,GACAGG,0.15682926774024963,False,False,True,0.0008032694458961487,GCGCAGAGGCGCCAGGACAGGCCCCCAGA
2,30,42,head_5,recovery,0.01220703125,0.013055205345153809,3287,GGCACC,3.1171875,3286,GGCACA,3.140625,3286,GGCACA,3.140625,3287,GGCACC,0.0011871603783220053,3286,GGCACA,0.004443775396794081,2653,GACAGG,0.1568179577589035,False,False,True,0.0004421025514602661,GCGCAGAGGCGCCAGGACAGGCCCCCAGA
2,31,42,head_5,recovery,0.0361328125,0.05988270044326782,3287,GGCACC,3.1171875,3286,GGCACA,3.1328125,3286,GGCACA,3.1328125,3287,GGCACC,0.001174404053017497,3286,GGCACA,0.0043708099983632565,2653,GACAGG,0.15785503387451172,False,False,True,0.0007379055023193359,GCGCAGAGGCGCCAGGACAGGCCCCCAGA
2,32,42,head_5,recovery,0.005859375,0.01567167043685913,3287,GGCACC,3.12109375,3286,GGCACA,3.146484375,3286,GGCACA,3.146484375,3287,GGCACC,0.001185168861411512,3286,GGCACA,0.004438419826328754,2653,GACAGG,0.1566552370786667,False,False,True,0.0007880851626396179,GCGCAGAGGCGCCAGGACAGGCCCCCAGA
3,0,42,head_5,recovery,-0.0302734375,-0.03349769115447998,3287,GGCACC,3.115234375,3286,GGCACA,3.15234375,3286,GGCACA,3.15234375,3287,GGCACC,0.0011653245892375708,3286,GGCACA,0.004481795709580183,2653,GACAGG,0.1583794355392456,False,False,True,-0.0005218461155891418,GCGCAGAGGCGCCAGGACAGGCCCCCAGA
3,1,42,head_5,recovery,-0.01171875,-0.0018881559371948242,3287,GGCACC,3.115234375,3286,GGCACA,3.146484375,3286,GGCACA,3.146484375,3287,GGCACC,0.0011581440921872854,3286,GGCACA,0.0044339727610349655,2653,GACAGG,0.1585727334022522,False,False,True,-0.0005458518862724304,GCGCAGAGGCGCCAGGACAGGCCCCCAGA
3,2,42,head_5,recovery,-0.01171875,0.003188490867614746,3287,GGCACC,3.115234375,3286,GGCACA,3.146484375,3286,GGCACA,3.146484375,3287,GGCACC,0.0011623528553172946,3286,GGCACA,0.00443165423348546,2653,GACAGG,0.1595161110162735,False,False,True,9.631365537643433e-05,GCGCAGAGGCGCCAGGACAGGCCCCCAGA
3,3,42,head_5,recovery,0.005859375,0.020361006259918213,3287,GGCACC,3.115234375,3286,GGCACA,3.140625,3286,GGCACA,3.140625,3287,GGCACC,0.001167852315120399,3286,GGCACA,0.004415073897689581,2653,GACAGG,0.15869151055812836,False,False,True,0.00023206323385238647,GCGCAGAGGCGCCAGGACAGGCCCCCAGA
3,4,42,head_5,recovery,-0.01171875,-0.014726042747497559,3287,GGCACC,3.10546875,3286,GGCACA,3.13671875,3286,GGCACA,3.13671875,3287,GGCACC,0.001156343030743301,3286,GGCACA,0.004448678344488144,2653,GACAGG,0.1579328328371048,False,False,True,-0.0011560693383216858,GCGCAGAGGCGCCAGGACAGGCCCCCAGA
3,5,42,head_5,recovery,-0.005859375,-0.03616023063659668,3287,GGCACC,3.107421875,3286,GGCACA,3.13671875,3286,GGCACA,3.13671875,3287,GGCACC,0.0011788521660491824,3286,GGCACA,0.004498746711760759,2653,GACAGG,0.15672403573989868,False,False,True,-0.0021451041102409363,GCGCAGAGGCGCCAGGACAGGCCCCCAGA
3,6,42,head_5,recovery,0.01220703125,0.0640532374382019,3287,GGCACC,3.10546875,3286,GGCACA,3.12890625,3286,GGCACA,3.12890625,3287,GGCACC,0.001140462583862245,3286,GGCACA,0.004331506323069334,2653,GACAGG,0.16001586616039276,False,False,True,0.002005048096179962,GCGCAGAGGCGCCAGGACAGGCCCCCAGA
3,7,42,head_5,recovery,0.05419921875,0.15805184841156006,3287,GGCACC,3.107421875,3286,GGCACA,3.1171875,3286,GGCACA,3.1171875,3287,GGCACC,0.001127487514168024,3286,GGCACA,0.004197671078145504,2653,GACAGG,0.1611432582139969,False,False,True,0.008427515625953674,GCGCAGAGGCGCCAGGACAGGCCCCCAGA
3,8,42,head_5,recovery,0.04833984375,0.15795040130615234,3287,GGCACC,3.109375,3286,GGCACA,3.12109375,3286,GGCACA,3.12109375,3287,GGCACC,0.0011169662466272712,3286,GGCACA,0.004187280312180519,2653,GACAGG,0.16174326837062836,False,False,True,0.008699670433998108,GCGCAGAGGCGCCAGGACAGGCCCCCAGA
3,9,42,head_5,recovery,0.0419921875,0.0438227653503418,3287,GGCACC,3.123046875,3286,GGCACA,3.13671875,3286,GGCACA,3.13671875,3287,GGCACC,0.0011680873576551676,3286,GGCACA,0.004385142587125301,2653,GACAGG,0.15956610441207886,False,False,True,0.004629887640476227,GCGCAGAGGCGCCAGGACAGGCCCCCAGA
3,10,42,head_5,recovery,-0.0244140625,-0.08267080783843994,3287,GGCACC,3.11328125,3286,GGCACA,3.1484375,3286,GGCACA,3.1484375,3287,GGCACC,0.0011770931305363774,3286,GGCACA,0.0045567890629172325,2653,GACAGG,0.15698044002056122,False,False,True,-0.0010136738419532776,GCGCAGAGGCGCCAGGACAGGCCCCCAGA
3,11,42,head_5,recovery,-0.0361328125,-0.08330750465393066,3287,GGCACC,3.107421875,3286,GGCACA,3.146484375,3286,GGCACA,3.146484375,3287,GGCACC,0.0011773054720833898,3286,GGCACA,0.004557820037007332,2653,GACAGG,0.156592458486557,False,False,True,-0.001372113823890686,GCGCAGAGGCGCCAGGACAGGCCCCCAGA
3,12,42,head_5,recovery,0.0,0.013798177242279053,3287,GGCACC,3.10546875,3286,GGCACA,3.1328125,3286,GGCACA,3.1328125,3287,GGCACC,0.0011338935000821948,3286,GGCACA,0.00438955333083868,2653,GACAGG,0.16034194827079773,False,False,True,0.001172095537185669,GCGCAGAGGCGCCAGGACAGGCCCCCAGA
3,13,42,head_5,recovery,-0.0244140625,0.019605517387390137,3287,GGCACC,3.09765625,3286,GGCACA,3.1328125,3286,GGCACA,3.1328125,3287,GGCACC,0.0011221003951504827,3286,GGCACA,0.004370293114334345,2653,GACAGG,0.15956048667430878,False,False,True,0.0017040818929672241,GCGCAGAGGCGCCAGGACAGGCCCCCAGA
3,14,42,head_5,recovery,0.005859375,0.06694638729095459,3287,GGCACC,3.103515625,3286,GGCACA,3.12890625,3286,GGCACA,3.12890625,3287,GGCACC,0.0011257145088165998,3286,GGCACA,0.004313038196414709,2653,GACAGG,0.15951360762119293,False,False,True,0.001940503716468811,GCGCAGAGGCGCCAGGACAGGCCCCCAGA
3,15,42,head_5,recovery,-0.005859375,0.07890641689300537,3287,GGCACC,3.103515625,3286,GGCACA,3.1328125,3286,GGCACA,3.1328125,3287,GGCACC,0.0011207693023607135,3286,GGCACA,0.004292715340852737,2653,GACAGG,0.16131873428821564,False,False,True,0.000331290066242218,GCGCAGAGGCGCCAGGACAGGCCCCCAGA
3,16,42,head_5,recovery,0.01806640625,0.10486108064651489,3287,GGCACC,3.10546875,3286,GGCACA,3.126953125,3286,GGCACA,3.126953125,3287,GGCACC,0.001131804077886045,3286,GGCACA,0.00427037850022316,2653,GACAGG,0.1597975790500641,False,False,True,0.0007318556308746338,GCGCAGAGGCGCCAGGACAGGCCCCCAGA
3,17,42,head_5,recovery,-0.0185546875,0.05809903144836426,3287,GGCACC,3.103515625,3286,GGCACA,3.13671875,3286,GGCACA,3.13671875,3287,GGCACC,0.0011204269248992205,3286,GGCACA,0.0043191262520849705,2653,GACAGG,0.16068241000175476,False,False,True,-0.0003658086061477661,GCGCAGAGGCGCCAGGACAGGCCCCCAGA
3,18,42,head_5,recovery,-0.01171875,0.0035622715950012207,3287,GGCACC,3.11328125,3286,GGCACA,3.14453125,3286,GGCACA,3.14453125,3287,GGCACC,0.00115047802682966,3286,GGCACA,0.004419298842549324,2653,GACAGG,0.15906408429145813,False,False,True,0.00012864172458648682,GCGCAGAGGCGCCAGGACAGGCCCCCAGA
3,19,42,head_5,recovery,-0.01171875,-0.03022301197052002,3287,GGCACC,3.11328125,3286,GGCACA,3.14453125,3286,GGCACA,3.14453125,3287,GGCACC,0.0011652859393507242,3286,GGCACA,0.0044775465503335,2653,GACAGG,0.1591421216726303,False,False,True,0.00011646747589111328,GCGCAGAGGCGCCAGGACAGGCCCCCAGA
3,20,42,head_5,recovery,0.02392578125,0.0587615966796875,3287,GGCACC,3.107421875,3286,GGCACA,3.126953125,3286,GGCACA,3.126953125,3287,GGCACC,0.0011580274440348148,3286,GGCACA,0.004355874843895435,2653,GACAGG,0.16025206446647644,False,False,True,0.0008358806371688843,GCGCAGAGGCGCCAGGACAGGCCCCCAGA
3,21,42,head_5,recovery,0.02392578125,0.05743008852005005,3287,GGCACC,3.1171875,3286,GGCACA,3.13671875,3286,GGCACA,3.13671875,3287,GGCACC,0.0011707188095897436,3286,GGCACA,0.004370278213173151,2653,GACAGG,0.16066423058509827,False,False,True,0.0006755217909812927,GCGCAGAGGCGCCAGGACAGGCCCCCAGA
3,22,42,head_5,recovery,0.01806640625,0.020132124423980713,3287,GGCACC,3.126953125,3286,GGCACA,3.1484375,3286,GGCACA,3.1484375,3287,GGCACC,0.0011894553899765015,3286,GGCACA,0.00443697115406394,2653,GACAGG,0.15949802100658417,False,False,True,0.0005541443824768066,GCGCAGAGGCGCCAGGACAGGCCCCCAGA
3,23,42,head_5,recovery,0.01220703125,-0.012148499488830566,3287,GGCACC,3.1328125,3286,GGCACA,3.15625,3286,GGCACA,3.15625,3287,GGCACC,0.0011973025975748897,3286,GGCACA,0.0044863237999379635,2653,GACAGG,0.1587040275335312,False,False,True,-0.0002742186188697815,GCGCAGAGGCGCCAGGACAGGCCCCCAGA
3,24,42,head_5,recovery,0.01220703125,0.0073525309562683105,3287,GGCACC,3.123046875,3286,GGCACA,3.146484375,3286,GGCACA,3.146484375,3287,GGCACC,0.0011801228392869234,3286,GGCACA,0.0044440701603889465,2653,GACAGG,0.15979710221290588,False,False,True,-7.437169551849365e-05,GCGCAGAGGCGCCAGGACAGGCCCCCAGA
3,25,42,head_5,recovery,0.0,-0.00918114185333252,3287,GGCACC,3.1171875,3286,GGCACA,3.14453125,3286,GGCACA,3.14453125,3287,GGCACC,0.0011725116055458784,3286,GGCACA,0.0044577172957360744,2653,GACAGG,0.159409761428833,False,False,True,0.00016974657773971558,GCGCAGAGGCGCCAGGACAGGCCCCCAGA
3,26,42,head_5,recovery,0.0,0.0037686824798583984,3287,GGCACC,3.115234375,3286,GGCACA,3.142578125,3286,GGCACA,3.142578125,3287,GGCACC,0.0011666897917166352,3286,GGCACA,0.00443524494767189,2653,GACAGG,0.15960638225078583,False,False,True,1.9222497940063477e-06,GCGCAGAGGCGCCAGGACAGGCCCCCAGA
3,27,42,head_5,recovery,0.0361328125,0.02731645107269287,3287,GGCACC,3.125,3286,GGCACA,3.140625,3286,GGCACA,3.140625,3287,GGCACC,0.001193744014017284,3286,GGCACA,0.004432022571563721,2653,GACAGG,0.1580127775669098,False,False,True,0.0003454163670539856,GCGCAGAGGCGCCAGGACAGGCCCCCAGA
3,28,42,head_5,recovery,0.02392578125,0.022625863552093506,3287,GGCACC,3.1171875,3286,GGCACA,3.13671875,3286,GGCACA,3.13671875,3287,GGCACC,0.0011817885097116232,3286,GGCACA,0.004426097963005304,2653,GACAGG,0.1567336916923523,False,False,True,0.0004847496747970581,GCGCAGAGGCGCCAGGACAGGCCCCCAGA
3,29,42,head_5,recovery,0.0419921875,-0.0330350399017334,3287,GGCACC,3.1328125,3286,GGCACA,3.146484375,3286,GGCACA,3.146484375,3287,GGCACC,0.0012141139013692737,3286,GGCACA,0.004529990255832672,2653,GACAGG,0.15522126853466034,False,False,True,-0.0006047189235687256,GCGCAGAGGCGCCAGGACAGGCCCCCAGA
3,30,42,head_5,recovery,0.0361328125,0.01828181743621826,3287,GGCACC,3.12109375,3286,GGCACA,3.13671875,3286,GGCACA,3.13671875,3287,GGCACC,0.0011845134431496263,3286,GGCACA,0.004434408154338598,2653,GACAGG,0.15688426792621613,False,False,True,-0.0003243386745452881,GCGCAGAGGCGCCAGGACAGGCCCCCAGA
3,31,42,head_5,recovery,0.05419921875,0.0686379075050354,3287,GGCACC,3.125,3286,GGCACA,3.134765625,3286,GGCACA,3.134765625,3287,GGCACC,0.0011821872321888804,3286,GGCACA,0.004367336165159941,2653,GACAGG,0.15791502594947815,False,False,True,0.00039467960596084595,GCGCAGAGGCGCCAGGACAGGCCCCCAGA
3,32,42,head_5,recovery,0.04833984375,0.06546294689178467,3287,GGCACC,3.125,3286,GGCACA,3.13671875,3286,GGCACA,3.13671875,3287,GGCACC,0.0011850653681904078,3286,GGCACA,0.0043742964044213295,2653,GACAGG,0.15781712532043457,False,False,True,0.0007759332656860352,GCGCAGAGGCGCCAGGACAGGCCCCCAGA
4,0,42,head_5,recovery,-0.0244140625,0.032733380794525146,3287,GGCACC,3.107421875,3286,GGCACA,3.142578125,3286,GGCACA,3.142578125,3287,GGCACC,0.0011446269927546382,3286,GGCACA,0.004375940654426813,2653,GACAGG,0.15921425819396973,False,False,True,-0.00014766305685043335,GCGCAGAGGCGCCAGGACAGGCCCCCAGA
4,1,42,head_5,recovery,-0.0185546875,0.00560307502746582,3287,GGCACC,3.109375,3286,GGCACA,3.142578125,3286,GGCACA,3.142578125,3287,GGCACC,0.0011605286272242665,3286,GGCACA,0.004426725208759308,2653,GACAGG,0.15841986238956451,False,False,True,-0.00029702484607696533,GCGCAGAGGCGCCAGGACAGGCCCCCAGA
4,2,42,head_5,recovery,0.0,0.03740859031677246,3287,GGCACC,3.1171875,3286,GGCACA,3.14453125,3286,GGCACA,3.14453125,3287,GGCACC,0.0011551446514204144,3286,GGCACA,0.00438044685870409,2653,GACAGG,0.15902353823184967,False,False,True,-9.619444608688354e-05,GCGCAGAGGCGCCAGGACAGGCCCCCAGA
4,3,42,head_5,recovery,0.01806640625,0.04277229309082031,3287,GGCACC,3.115234375,3286,GGCACA,3.13671875,3286,GGCACA,3.13671875,3287,GGCACC,0.0011595323449000716,3286,GGCACA,0.004377938341349363,2653,GACAGG,0.15879672765731812,False,False,True,0.0001222863793373108,GCGCAGAGGCGCCAGGACAGGCCCCCAGA
4,4,42,head_5,recovery,0.01220703125,0.035141050815582275,3287,GGCACC,3.1171875,3286,GGCACA,3.140625,3286,GGCACA,3.140625,3287,GGCACC,0.0011777646141126752,3286,GGCACA,0.004405982326716185,2653,GACAGG,0.15898455679416656,False,False,True,0.0005068853497505188,GCGCAGAGGCGCCAGGACAGGCCCCCAGA
4,5,42,head_5,recovery,0.01806640625,0.02490311861038208,3287,GGCACC,3.115234375,3286,GGCACA,3.13671875,3286,GGCACA,3.13671875,3287,GGCACC,0.0011758434120565653,3286,GGCACA,0.004417224787175655,2653,GACAGG,0.15782198309898376,False,False,True,0.0003164932131767273,GCGCAGAGGCGCCAGGACAGGCCCCCAGA
4,6,42,head_5,recovery,0.01220703125,0.010680317878723145,3287,GGCACC,3.11328125,3286,GGCACA,3.13671875,3286,GGCACA,3.13671875,3287,GGCACC,0.001176399295218289,3286,GGCACA,0.004436067771166563,2653,GACAGG,0.15702441334724426,False,False,True,-0.0003768503665924072,GCGCAGAGGCGCCAGGACAGGCCCCCAGA
4,7,42,head_5,recovery,0.005859375,0.010385870933532715,3287,GGCACC,3.1171875,3286,GGCACA,3.142578125,3286,GGCACA,3.142578125,3287,GGCACC,0.0011639177100732923,3286,GGCACA,0.004423964768648148,2653,GACAGG,0.1585676670074463,False,False,True,-0.0006422325968742371,GCGCAGAGGCGCCAGGACAGGCCCCCAGA
4,8,42,head_5,recovery,0.02392578125,0.09256225824356079,3287,GGCACC,3.109375,3286,GGCACA,3.12890625,3286,GGCACA,3.12890625,3287,GGCACC,0.001134488731622696,3286,GGCACA,0.004288876429200172,2653,GACAGG,0.1601228564977646,False,False,True,-0.00044898688793182373,GCGCAGAGGCGCCAGGACAGGCCCCCAGA
4,9,42,head_5,recovery,0.0,0.03863561153411865,3287,GGCACC,3.115234375,3286,GGCACA,3.142578125,3286,GGCACA,3.142578125,3287,GGCACC,0.001139370258897543,3286,GGCACA,0.004363094922155142,2653,GACAGG,0.16008228063583374,False,False,True,-0.0017715021967887878,GCGCAGAGGCGCCAGGACAGGCCCCCAGA
4,10,42,head_5,recovery,-0.0244140625,0.04087507724761963,3287,GGCACC,3.10546875,3286,GGCACA,3.140625,3286,GGCACA,3.140625,3287,GGCACC,0.0011247273068875074,3286,GGCACA,0.004345572553575039,2653,GACAGG,0.1611318588256836,False,False,True,-0.0011234581470489502,GCGCAGAGGCGCCAGGACAGGCCCCCAGA
4,11,42,head_5,recovery,-0.0361328125,-0.028204798698425293,3287,GGCACC,3.109375,3286,GGCACA,3.1484375,3286,GGCACA,3.1484375,3287,GGCACC,0.0011511152843013406,3286,GGCACA,0.004460780881345272,2653,GACAGG,0.1595533937215805,False,False,True,-0.0019706040620803833,GCGCAGAGGCGCCAGGACAGGCCCCCAGA
4,12,42,head_5,recovery,-0.0244140625,0.04221022129058838,3287,GGCACC,3.10546875,3286,GGCACA,3.140625,3286,GGCACA,3.140625,3287,GGCACC,0.0011391568696126342,3286,GGCACA,0.0043582855723798275,2653,GACAGG,0.1594477742910385,False,False,True,-0.0004317536950111389,GCGCAGAGGCGCCAGGACAGGCCCCCAGA
4,13,42,head_5,recovery,0.01220703125,0.10068857669830322,3287,GGCACC,3.1015625,3286,GGCACA,3.125,3286,GGCACA,3.125,3287,GGCACC,0.0011469934834167361,3286,GGCACA,0.004290932789444923,2653,GACAGG,0.15866944193840027,False,False,True,0.0008017495274543762,GCGCAGAGGCGCCAGGACAGGCCCCCAGA
4,14,42,head_5,recovery,-0.005859375,0.030119776725769043,3287,GGCACC,3.103515625,3286,GGCACA,3.1328125,3286,GGCACA,3.1328125,3287,GGCACC,0.0011622540187090635,3286,GGCACA,0.004396928008645773,2653,GACAGG,0.1569698005914688,False,False,True,-0.0006718859076499939,GCGCAGAGGCGCCAGGACAGGCCCCCAGA
4,15,42,head_5,recovery,0.01220703125,0.041732847690582275,3287,GGCACC,3.103515625,3286,GGCACA,3.126953125,3286,GGCACA,3.126953125,3287,GGCACC,0.0011838424252346158,3286,GGCACA,0.004403584636747837,2653,GACAGG,0.15721464157104492,False,False,True,0.0007425621151924133,GCGCAGAGGCGCCAGGACAGGCCCCCAGA
4,16,42,head_5,recovery,-0.0185546875,0.003941655158996582,3287,GGCACC,3.107421875,3286,GGCACA,3.140625,3286,GGCACA,3.140625,3287,GGCACC,0.0011769093107432127,3286,GGCACA,0.0044452422298491,2653,GACAGG,0.1580638885498047,False,False,True,-0.0003260374069213867,GCGCAGAGGCGCCAGGACAGGCCCCCAGA
4,17,42,head_5,recovery,0.0361328125,0.1971781849861145,3287,GGCACC,3.11328125,3286,GGCACA,3.12890625,3286,GGCACA,3.12890625,3287,GGCACC,0.001112374127842486,3286,GGCACA,0.00413225032389164,2653,GACAGG,0.16383473575115204,False,False,True,0.0015909373760223389,GCGCAGAGGCGCCAGGACAGGCCCCCAGA
4,18,42,head_5,recovery,-0.01171875,0.07665842771530151,3287,GGCACC,3.12109375,3286,GGCACA,3.15234375,3286,GGCACA,3.15234375,3287,GGCACC,0.0011430758750066161,3286,GGCACA,0.004317912273108959,2653,GACAGG,0.16195395588874817,False,False,True,-5.564838647842407e-05,GCGCAGAGGCGCCAGGACAGGCCCCCAGA
4,19,42,head_5,recovery,-0.0478515625,0.0040160417556762695,3287,GGCACC,3.125,3286,GGCACA,3.16796875,3286,GGCACA,3.16796875,3287,GGCACC,0.0011298364261165261,3286,GGCACA,0.00439807353541255,2653,GACAGG,0.16251468658447266,False,False,True,-0.0008124187588691711,GCGCAGAGGCGCCAGGACAGGCCCCCAGA
4,20,42,head_5,recovery,-0.0546875,-0.08383655548095703,3287,GGCACC,3.12109375,3286,GGCACA,3.166015625,3286,GGCACA,3.166015625,3287,GGCACC,0.0011474626371636987,3286,GGCACA,0.004528657533228397,2653,GACAGG,0.16363072395324707,False,False,True,-0.0015706866979599,GCGCAGAGGCGCCAGGACAGGCCCCCAGA
4,21,42,head_5,recovery,-0.005859375,-0.011024713516235352,3287,GGCACC,3.125,3286,GGCACA,3.154296875,3286,GGCACA,3.154296875,3287,GGCACC,0.0011592298978939652,3286,GGCACA,0.0044468059204518795,2653,GACAGG,0.1633903533220291,False,False,True,-0.0011257454752922058,GCGCAGAGGCGCCAGGACAGGCCCCCAGA
4,22,42,head_5,recovery,-0.0244140625,-0.013730287551879883,3287,GGCACC,3.107421875,3286,GGCACA,3.142578125,3286,GGCACA,3.142578125,3287,GGCACC,0.0011414934415370226,3286,GGCACA,0.004432548303157091,2653,GACAGG,0.1618112176656723,False,False,True,-0.001390986144542694,GCGCAGAGGCGCCAGGACAGGCCCCCAGA
4,23,42,head_5,recovery,-0.0419921875,-0.030179142951965332,3287,GGCACC,3.103515625,3286,GGCACA,3.14453125,3286,GGCACA,3.14453125,3287,GGCACC,0.0011491833720356226,3286,GGCACA,0.004461387638002634,2653,GACAGG,0.15562662482261658,False,False,True,-0.000989966094493866,GCGCAGAGGCGCCAGGACAGGCCCCCAGA
4,24,42,head_5,recovery,-0.06640625,-0.09893691539764404,3287,GGCACC,3.103515625,3286,GGCACA,3.15234375,3286,GGCACA,3.15234375,3287,GGCACC,0.0011552551295608282,3286,GGCACA,0.004555865656584501,2653,GACAGG,0.15560609102249146,False,False,True,-0.0012238621711730957,GCGCAGAGGCGCCAGGACAGGCCCCCAGA
4,25,42,head_5,recovery,-0.0361328125,-0.0597611665725708,3287,GGCACC,3.1171875,3286,GGCACA,3.15625,3286,GGCACA,3.15625,3287,GGCACC,0.0011742572532966733,3286,GGCACA,0.004524496849626303,2653,GACAGG,0.15665002167224884,False,False,True,-0.0006049871444702148,GCGCAGAGGCGCCAGGACAGGCCCCCAGA
4,26,42,head_5,recovery,-0.0361328125,-0.04964554309844971,3287,GGCACC,3.1171875,3286,GGCACA,3.15625,3286,GGCACA,3.15625,3287,GGCACC,0.001169361174106598,3286,GGCACA,0.004506594501435757,2653,GACAGG,0.15770091116428375,False,False,True,-0.0005032569169998169,GCGCAGAGGCGCCAGGACAGGCCCCCAGA
4,27,42,head_5,recovery,-0.0185546875,0.021067261695861816,3287,GGCACC,3.1015625,3286,GGCACA,3.134765625,3286,GGCACA,3.134765625,3287,GGCACC,0.0011434056796133518,3286,GGCACA,0.004389719106256962,2653,GACAGG,0.1582576036453247,False,False,True,-0.0001872926950454712,GCGCAGAGGCGCCAGGACAGGCCCCCAGA
4,28,42,head_5,recovery,-0.0361328125,-0.01898062229156494,3287,GGCACC,3.10546875,3286,GGCACA,3.14453125,3286,GGCACA,3.14453125,3287,GGCACC,0.001149565214291215,3286,GGCACA,0.004447370767593384,2653,GACAGG,0.15779727697372437,False,False,True,-0.0006535351276397705,GCGCAGAGGCGCCAGGACAGGCCCCCAGA
4,29,42,head_5,recovery,-0.0419921875,-0.031161069869995117,3287,GGCACC,3.103515625,3286,GGCACA,3.14453125,3286,GGCACA,3.14453125,3287,GGCACC,0.001141904154792428,3286,GGCACA,0.004455370828509331,2653,GACAGG,0.15792202949523926,False,False,True,-0.0010342970490455627,GCGCAGAGGCGCCAGGACAGGCCCCCAGA
4,30,42,head_5,recovery,-0.0478515625,-0.016638636589050293,3287,GGCACC,3.10546875,3286,GGCACA,3.1484375,3286,GGCACA,3.1484375,3287,GGCACC,0.0011370083084329963,3286,GGCACA,0.0044318027794361115,2653,GACAGG,0.15967729687690735,False,False,True,-0.000667765736579895,GCGCAGAGGCGCCAGGACAGGCCCCCAGA
4,31,42,head_5,recovery,0.01806640625,0.03465867042541504,3287,GGCACC,3.11328125,3286,GGCACA,3.134765625,3286,GGCACA,3.134765625,3287,GGCACC,0.0011755164014175534,3286,GGCACA,0.004404354374855757,2653,GACAGG,0.15699279308319092,False,False,True,0.000540710985660553,GCGCAGAGGCGCCAGGACAGGCCCCCAGA
4,32,42,head_5,recovery,0.0,0.00035130977630615234,3287,GGCACC,3.11328125,3286,GGCACA,3.140625,3286,GGCACA,3.140625,3287,GGCACC,0.0011983211152255535,3286,GGCACA,0.004471270367503166,2653,GACAGG,0.15635739266872406,False,False,True,0.0004961937665939331,GCGCAGAGGCGCCAGGACAGGCCCCCAGA
5,0,42,head_5,recovery,0.0,-0.019436001777648926,3287,GGCACC,3.1171875,3286,GGCACA,3.14453125,3286,GGCACA,3.14453125,3287,GGCACC,0.0011821296066045761,3286,GGCACA,0.0044805207289755344,2653,GACAGG,0.15690097212791443,False,False,True,-0.0006259232759475708,GCGCAGAGGCGCCAGGACAGGCCCCCAGA
5,1,42,head_5,recovery,0.005859375,-0.01600635051727295,3287,GGCACC,3.123046875,3286,GGCACA,3.1484375,3286,GGCACA,3.1484375,3287,GGCACC,0.0011874256888404489,3286,GGCACA,0.004481406882405281,2653,GACAGG,0.15746209025382996,False,False,True,-0.0008841827511787415,GCGCAGAGGCGCCAGGACAGGCCCCCAGA
5,2,42,head_5,recovery,0.0,-0.02398991584777832,3287,GGCACC,3.1171875,3286,GGCACA,3.14453125,3286,GGCACA,3.14453125,3287,GGCACC,0.0011837617494165897,3286,GGCACA,0.004488008096814156,2653,GACAGG,0.15633083879947662,False,False,True,-0.001382380723953247,GCGCAGAGGCGCCAGGACAGGCCCCCAGA
5,3,42,head_5,recovery,-0.005859375,-0.0002200603485107422,3287,GGCACC,3.115234375,3286,GGCACA,3.14453125,3286,GGCACA,3.14453125,3287,GGCACC,0.0011718168389052153,3286,GGCACA,0.004445500671863556,2653,GACAGG,0.15757697820663452,False,False,True,-0.0001270696520805359,GCGCAGAGGCGCCAGGACAGGCCCCCAGA
5,4,42,head_5,recovery,0.0,0.010698258876800537,3287,GGCACC,3.1171875,3286,GGCACA,3.14453125,3286,GGCACA,3.14453125,3287,GGCACC,0.001182075822725892,3286,GGCACA,0.004441721364855766,2653,GACAGG,0.15757760405540466,False,False,True,-0.0004034191370010376,GCGCAGAGGCGCCAGGACAGGCCCCCAGA
5,5,42,head_5,recovery,0.005859375,0.008892655372619629,3287,GGCACC,3.123046875,3286,GGCACA,3.1484375,3286,GGCACA,3.1484375,3287,GGCACC,0.0011783539084717631,3286,GGCACA,0.004440321121364832,2653,GACAGG,0.15867139399051666,False,False,True,-0.0002972632646560669,GCGCAGAGGCGCCAGGACAGGCCCCCAGA
5,6,42,head_5,recovery,-0.005859375,-0.02743673324584961,3287,GGCACC,3.125,3286,GGCACA,3.154296875,3286,GGCACA,3.154296875,3287,GGCACC,0.0011882282560691237,3286,GGCACA,0.004496906418353319,2653,GACAGG,0.15791752934455872,False,False,True,-0.0006005093455314636,GCGCAGAGGCGCCAGGACAGGCCCCCAGA
5,7,42,head_5,recovery,-0.005859375,-0.03063225746154785,3287,GGCACC,3.125,3286,GGCACA,3.154296875,3286,GGCACA,3.154296875,3287,GGCACC,0.0011940065305680037,3286,GGCACA,0.004506793338805437,2653,GACAGG,0.1568487137556076,False,False,True,-0.00038552284240722656,GCGCAGAGGCGCCAGGACAGGCCCCCAGA
5,8,42,head_5,recovery,0.0,0.0546647310256958,3287,GGCACC,3.115234375,3286,GGCACA,3.142578125,3286,GGCACA,3.142578125,3287,GGCACC,0.0011452269973233342,3286,GGCACA,0.004348341841250658,2653,GACAGG,0.1591130942106247,False,False,True,-8.72984528541565e-05,GCGCAGAGGCGCCAGGACAGGCCCCCAGA
5,9,42,head_5,recovery,0.01220703125,0.11474823951721191,3287,GGCACC,3.11328125,3286,GGCACA,3.13671875,3286,GGCACA,3.13671875,3287,GGCACC,0.001126190647482872,3286,GGCACA,0.004252052400261164,2653,GACAGG,0.16090387105941772,False,False,True,0.0002586841583251953,GCGCAGAGGCGCCAGGACAGGCCCCCAGA
5,10,42,head_5,recovery,0.01220703125,0.10228103399276733,3287,GGCACC,3.109375,3286,GGCACA,3.1328125,3286,GGCACA,3.1328125,3287,GGCACC,0.0011209910735487938,3286,GGCACA,0.004262882750481367,2653,GACAGG,0.1612841933965683,False,False,True,0.0009637922048568726,GCGCAGAGGCGCCAGGACAGGCCCCCAGA
5,11,42,head_5,recovery,0.01220703125,0.05725753307342529,3287,GGCACC,3.12109375,3286,GGCACA,3.14453125,3286,GGCACA,3.14453125,3287,GGCACC,0.001156106241978705,3286,GGCACA,0.004355887416750193,2653,GACAGG,0.159442737698555,False,False,True,0.0004950612783432007,GCGCAGAGGCGCCAGGACAGGCCCCCAGA
5,12,42,head_5,recovery,0.0,0.06211978197097778,3287,GGCACC,3.115234375,3286,GGCACA,3.142578125,3286,GGCACA,3.142578125,3287,GGCACC,0.0011376000475138426,3286,GGCACA,0.004331129603087902,2653,GACAGG,0.15996287763118744,False,False,True,0.0006882920861244202,GCGCAGAGGCGCCAGGACAGGCCCCCAGA
5,13,42,head_5,recovery,0.01220703125,0.0978078842163086,3287,GGCACC,3.12109375,3286,GGCACA,3.14453125,3286,GGCACA,3.14453125,3287,GGCACC,0.0011188909411430359,3286,GGCACA,0.004266534000635147,2653,GACAGG,0.16207636892795563,False,False,True,0.0013579055666923523,GCGCAGAGGCGCCAGGACAGGCCCCCAGA
5,14,42,head_5,recovery,-0.01171875,0.021143674850463867,3287,GGCACC,3.12109375,3286,GGCACA,3.15234375,3286,GGCACA,3.15234375,3287,GGCACC,0.0011232608230784535,3286,GGCACA,0.00436947587877512,2653,GACAGG,0.1618032306432724,False,False,True,0.0009491518139839172,GCGCAGAGGCGCCAGGACAGGCCCCCAGA
5,15,42,head_5,recovery,-0.0361328125,-0.05992484092712402,3287,GGCACC,3.109375,3286,GGCACA,3.1484375,3286,GGCACA,3.1484375,3287,GGCACC,0.0011544600129127502,3286,GGCACA,0.004504910204559565,2653,GACAGG,0.15921568870544434,False,False,True,-0.00021868199110031128,GCGCAGAGGCGCCAGGACAGGCCCCCAGA
5,16,42,head_5,recovery,0.0,-0.04285156726837158,3287,GGCACC,3.12109375,3286,GGCACA,3.1484375,3286,GGCACA,3.1484375,3287,GGCACC,0.0011842806125059724,3286,GGCACA,0.0045127784833312035,2653,GACAGG,0.15870237350463867,False,False,True,-0.0002907887101173401,GCGCAGAGGCGCCAGGACAGGCCCCCAGA
5,17,42,head_5,recovery,0.01806640625,0.06348788738250732,3287,GGCACC,3.125,3286,GGCACA,3.146484375,3286,GGCACA,3.146484375,3287,GGCACC,0.0011525176232680678,3286,GGCACA,0.004344288259744644,2653,GACAGG,0.16166535019874573,False,False,True,0.0011450648307800293,GCGCAGAGGCGCCAGGACAGGCCCCCAGA
5,18,42,head_5,recovery,-0.0244140625,-0.0986706018447876,3287,GGCACC,3.12109375,3286,GGCACA,3.15625,3286,GGCACA,3.15625,3287,GGCACC,0.0011774123413488269,3286,GGCACA,0.004577680490911007,2653,GACAGG,0.15834394097328186,False,False,True,-0.0003213360905647278,GCGCAGAGGCGCCAGGACAGGCCCCCAGA
5,19,42,head_5,recovery,-0.0244140625,-0.021765470504760742,3287,GGCACC,3.11328125,3286,GGCACA,3.1484375,3286,GGCACA,3.1484375,3287,GGCACC,0.001155014499090612,3286,GGCACA,0.0044564008712768555,2653,GACAGG,0.1603187471628189,False,False,True,-0.00029809772968292236,GCGCAGAGGCGCCAGGACAGGCCCCCAGA
5,20,42,head_5,recovery,-0.0244140625,-0.052895545959472656,3287,GGCACC,3.087890625,3286,GGCACA,3.123046875,3286,GGCACA,3.123046875,3287,GGCACC,0.0011440523667261004,3286,GGCACA,0.004485464654862881,2653,GACAGG,0.15408773720264435,False,False,True,-0.0006053373217582703,GCGCAGAGGCGCCAGGACAGGCCCCCAGA
5,21,42,head_5,recovery,0.0302734375,0.13956594467163086,3287,GGCACC,3.083984375,3286,GGCACA,3.1015625,3286,GGCACA,3.1015625,3287,GGCACC,0.0011118531692773104,3286,GGCACA,0.004205805249512196,2653,GACAGG,0.156645730137825,False,False,True,0.0014963671565055847,GCGCAGAGGCGCCAGGACAGGCCCCCAGA
5,22,42,head_5,recovery,0.01806640625,0.05177772045135498,3287,GGCACC,3.087890625,3286,GGCACA,3.109375,3286,GGCACA,3.109375,3287,GGCACC,0.001144040608778596,3286,GGCACA,0.004350867588073015,2653,GACAGG,0.15704132616519928,False,False,True,9.442120790481567e-05,GCGCAGAGGCGCCAGGACAGGCCCCCAGA
5,23,42,head_5,recovery,-0.0244140625,-0.06596767902374268,3287,GGCACC,3.109375,3286,GGCACA,3.14453125,3286,GGCACA,3.14453125,3287,GGCACC,0.0011885486310347915,3286,GGCACA,0.004546768497675657,2653,GACAGG,0.15947860479354858,False,False,True,-0.0007568597793579102,GCGCAGAGGCGCCAGGACAGGCCCCCAGA
5,24,42,head_5,recovery,-0.01171875,-0.07360756397247314,3287,GGCACC,3.11328125,3286,GGCACA,3.14453125,3286,GGCACA,3.14453125,3287,GGCACC,0.0012064920738339424,3286,GGCACA,0.004574534948915243,2653,GACAGG,0.15803968906402588,False,False,True,-0.0016644299030303955,GCGCAGAGGCGCCAGGACAGGCCCCCAGA
5,25,42,head_5,recovery,0.01806640625,0.03522402048110962,3287,GGCACC,3.107421875,3286,GGCACA,3.12890625,3286,GGCACA,3.12890625,3287,GGCACC,0.0011743471259251237,3286,GGCACA,0.00440245820209384,2653,GACAGG,0.15788111090660095,False,False,True,-0.0006951689720153809,GCGCAGAGGCGCCAGGACAGGCCCCCAGA
5,26,42,head_5,recovery,0.01806640625,-0.02310502529144287,3287,GGCACC,3.123046875,3286,GGCACA,3.14453125,3286,GGCACA,3.14453125,3287,GGCACC,0.00119910784997046,3286,GGCACA,0.004502216354012489,2653,GACAGG,0.15601424872875214,False,False,True,-0.0009147524833679199,GCGCAGAGGCGCCAGGACAGGCCCCCAGA
5,27,42,head_5,recovery,-0.01171875,-0.09588730335235596,3287,GGCACC,3.12890625,3286,GGCACA,3.16015625,3286,GGCACA,3.16015625,3287,GGCACC,0.0012207970721647143,3286,GGCACA,0.004617486614733934,2653,GACAGG,0.15482330322265625,False,False,True,-0.0006080642342567444,GCGCAGAGGCGCCAGGACAGGCCCCCAGA
5,28,42,head_5,recovery,0.02392578125,-0.05388748645782471,3287,GGCACC,3.134765625,3286,GGCACA,3.154296875,3286,GGCACA,3.154296875,3287,GGCACC,0.0012242881348356605,3286,GGCACA,0.004566975869238377,2653,GACAGG,0.15557196736335754,False,False,True,-0.00048094242811203003,GCGCAGAGGCGCCAGGACAGGCCCCCAGA
5,29,42,head_5,recovery,0.0,-0.048460960388183594,3287,GGCACC,3.12109375,3286,GGCACA,3.1484375,3286,GGCACA,3.1484375,3287,GGCACC,0.001209282549098134,3286,GGCACA,0.004544992931187153,2653,GACAGG,0.15557146072387695,False,False,True,0.0004355385899543762,GCGCAGAGGCGCCAGGACAGGCCCCCAGA
5,30,42,head_5,recovery,0.005859375,-0.02768838405609131,3287,GGCACC,3.126953125,3286,GGCACA,3.15234375,3286,GGCACA,3.15234375,3287,GGCACC,0.0011973826913163066,3286,GGCACA,0.004506384488195181,2653,GACAGG,0.15614201128482819,False,False,True,-0.0004829391837120056,GCGCAGAGGCGCCAGGACAGGCCCCCAGA
5,31,42,head_5,recovery,0.005859375,-0.022978782653808594,3287,GGCACC,3.12109375,3286,GGCACA,3.146484375,3286,GGCACA,3.146484375,3287,GGCACC,0.0011963347205892205,3286,GGCACA,0.004499280825257301,2653,GACAGG,0.15649649500846863,False,False,True,-0.00023712962865829468,GCGCAGAGGCGCCAGGACAGGCCCCCAGA
5,32,42,head_5,recovery,-0.0244140625,-0.02200925350189209,3287,GGCACC,3.107421875,3286,GGCACA,3.142578125,3286,GGCACA,3.142578125,3287,GGCACC,0.0011715193977579474,3286,GGCACA,0.004473219159990549,2653,GACAGG,0.1587483286857605,False,False,True,-0.0004212483763694763,GCGCAGAGGCGCCAGGACAGGCCCCCAGA
6,0,42,head_5,recovery,-0.005859375,-0.01946282386779785,3287,GGCACC,3.1171875,3286,GGCACA,3.146484375,3286,GGCACA,3.146484375,3287,GGCACC,0.0011824113316833973,3286,GGCACA,0.004480836912989616,2653,GACAGG,0.15796183049678802,False,False,True,0.00028049200773239136,GCGCAGAGGCGCCAGGACAGGCCCCCAGA
6,1,42,head_5,recovery,0.005859375,0.00107651948928833,3287,GGCACC,3.12109375,3286,GGCACA,3.146484375,3286,GGCACA,3.146484375,3287,GGCACC,0.0011802918743342161,3286,GGCACA,0.004452308639883995,2653,GACAGG,0.15839971601963043,False,False,True,0.00011736154556274414,GCGCAGAGGCGCCAGGACAGGCCCCCAGA
6,2,42,head_5,recovery,0.005859375,0.0008400678634643555,3287,GGCACC,3.123046875,3286,GGCACA,3.1484375,3286,GGCACA,3.1484375,3287,GGCACC,0.0011879808735102415,3286,GGCACA,0.004460301715880632,2653,GACAGG,0.15779553353786469,False,False,True,0.000396728515625,GCGCAGAGGCGCCAGGACAGGCCCCCAGA
6,3,42,head_5,recovery,0.005859375,0.002492070198059082,3287,GGCACC,3.12109375,3286,GGCACA,3.146484375,3286,GGCACA,3.146484375,3287,GGCACC,0.0011870615417137742,3286,GGCACA,0.004457258153706789,2653,GACAGG,0.15700361132621765,False,False,True,0.00039821118116378784,GCGCAGAGGCGCCAGGACAGGCCCCCAGA
6,4,42,head_5,recovery,0.005859375,-0.01821911334991455,3287,GGCACC,3.123046875,3286,GGCACA,3.1484375,3286,GGCACA,3.1484375,3287,GGCACC,0.0011899081291630864,3286,GGCACA,0.004486734513193369,2653,GACAGG,0.15749302506446838,False,False,True,-0.00011898577213287354,GCGCAGAGGCGCCAGGACAGGCCCCCAGA
6,5,42,head_5,recovery,0.01220703125,0.0019082427024841309,3287,GGCACC,3.12109375,3286,GGCACA,3.14453125,3286,GGCACA,3.14453125,3287,GGCACC,0.0011872107861563563,3286,GGCACA,0.004458158276975155,2653,GACAGG,0.15757057070732117,False,False,True,-0.0004825592041015625,GCGCAGAGGCGCCAGGACAGGCCCCCAGA
6,6,42,head_5,recovery,0.005859375,-0.014680743217468262,3287,GGCACC,3.12109375,3286,GGCACA,3.146484375,3286,GGCACA,3.146484375,3287,GGCACC,0.0011924951104447246,3286,GGCACA,0.004484772216528654,2653,GACAGG,0.1575034260749817,False,False,True,-0.0005157142877578735,GCGCAGAGGCGCCAGGACAGGCCCCCAGA
6,7,42,head_5,recovery,0.0,0.01424109935760498,3287,GGCACC,3.1171875,3286,GGCACA,3.14453125,3286,GGCACA,3.14453125,3287,GGCACC,0.001180325634777546,3286,GGCACA,0.004435415845364332,2653,GACAGG,0.15930107235908508,False,False,True,-0.0001291334629058838,GCGCAGAGGCGCCAGGACAGGCCCCCAGA
6,8,42,head_5,recovery,-0.01171875,-0.007040500640869141,3287,GGCACC,3.11328125,3286,GGCACA,3.14453125,3286,GGCACA,3.14453125,3287,GGCACC,0.0011809641728177667,3286,GGCACA,0.0044634174555540085,2653,GACAGG,0.1577877402305603,False,False,True,-0.0008547976613044739,GCGCAGAGGCGCCAGGACAGGCCCCCAGA
6,9,42,head_5,recovery,0.005859375,0.030018925666809082,3287,GGCACC,3.109375,3286,GGCACA,3.134765625,3286,GGCACA,3.134765625,3287,GGCACC,0.0011736770393326879,3286,GGCACA,0.004408480599522591,2653,GACAGG,0.15804161131381989,False,False,True,-0.00017030537128448486,GCGCAGAGGCGCCAGGACAGGCCCCCAGA
6,10,42,head_5,recovery,0.01220703125,0.06900966167449951,3287,GGCACC,3.11328125,3286,GGCACA,3.13671875,3286,GGCACA,3.13671875,3287,GGCACC,0.0011600886937230825,3286,GGCACA,0.0043447595089674,2653,GACAGG,0.15921996533870697,False,False,True,-0.00011971592903137207,GCGCAGAGGCGCCAGGACAGGCCCCCAGA
6,11,42,head_5,recovery,0.005859375,0.06380075216293335,3287,GGCACC,3.115234375,3286,GGCACA,3.140625,3286,GGCACA,3.140625,3287,GGCACC,0.0011592671507969499,3286,GGCACA,0.004350635223090649,2653,GACAGG,0.1598494052886963,False,False,True,0.0005835294723510742,GCGCAGAGGCGCCAGGACAGGCCCCCAGA
6,12,42,head_5,recovery,0.02392578125,0.058542847633361816,3287,GGCACC,3.12109375,3286,GGCACA,3.140625,3286,GGCACA,3.140625,3287,GGCACC,0.0011697321897372603,3286,GGCACA,0.0043678609654307365,2653,GACAGG,0.15863682329654694,False,False,True,-0.0005919709801673889,GCGCAGAGGCGCCAGGACAGGCCCCCAGA
6,13,42,head_5,recovery,0.005859375,0.019416868686676025,3287,GGCACC,3.12109375,3286,GGCACA,3.146484375,3286,GGCACA,3.146484375,3287,GGCACC,0.0011655540438368917,3286,GGCACA,0.004413989372551441,2653,GACAGG,0.15856781601905823,False,False,True,0.0005867555737495422,GCGCAGAGGCGCCAGGACAGGCCCCCAGA
6,14,42,head_5,recovery,0.01806640625,0.02528977394104004,3287,GGCACC,3.12109375,3286,GGCACA,3.142578125,3286,GGCACA,3.142578125,3287,GGCACC,0.0012084515765309334,3286,GGCACA,0.0044493358582258224,2653,GACAGG,0.15582557022571564,False,False,True,0.0005230754613876343,GCGCAGAGGCGCCAGGACAGGCCCCCAGA
6,15,42,head_5,recovery,0.0,-0.029235363006591797,3287,GGCACC,3.11328125,3286,GGCACA,3.140625,3286,GGCACA,3.140625,3287,GGCACC,0.0012021444272249937,3286,GGCACA,0.004513135179877281,2653,GACAGG,0.15697118639945984,False,False,True,-0.0002698153257369995,GCGCAGAGGCGCCAGGACAGGCCCCCAGA
6,16,42,head_5,recovery,0.0,-0.024329662322998047,3287,GGCACC,3.12109375,3286,GGCACA,3.1484375,3286,GGCACA,3.1484375,3287,GGCACC,0.0012128701200708747,3286,GGCACA,0.004517553374171257,2653,GACAGG,0.15769892930984497,False,False,True,-0.001058928668498993,GCGCAGAGGCGCCAGGACAGGCCCCCAGA
6,17,42,head_5,recovery,0.0302734375,0.06482136249542236,3287,GGCACC,3.134765625,3286,GGCACA,3.15234375,3286,GGCACA,3.15234375,3287,GGCACC,0.0011592969531193376,3286,GGCACA,0.004349352791905403,2653,GACAGG,0.16319796442985535,False,False,True,-0.0017123594880104065,GCGCAGAGGCGCCAGGACAGGCCCCCAGA
6,18,42,head_5,recovery,0.09619140625,0.3686354160308838,3287,GGCACC,3.125,3286,GGCACA,3.12109375,3287,GGCACC,3.125,3287,GGCACC,0.0010958353523164988,3286,GGCACA,0.003895258065313101,2653,GACAGG,0.1697780340909958,True,False,True,0.0012794286012649536,GCGCAGAGGCGCCAGGACAGGCCCCCAGA
6,19,42,head_5,recovery,0.08447265625,0.3065055012702942,3287,GGCACC,3.123046875,3286,GGCACA,3.123046875,3286,GGCACA,3.123046875,3287,GGCACC,0.0011148439953103662,3286,GGCACA,0.003994151018559933,2653,GACAGG,0.16775159537792206,False,False,True,0.0006254836916923523,GCGCAGAGGCGCCAGGACAGGCCCCCAGA
6,20,42,head_5,recovery,0.06005859375,0.13031131029129028,3287,GGCACC,3.14453125,3286,GGCACA,3.15234375,3286,GGCACA,3.15234375,3287,GGCACC,0.0011749713448807597,3286,GGCACA,0.004280822817236185,2653,GACAGG,0.1669894903898239,False,False,True,0.0006437897682189941,GCGCAGAGGCGCCAGGACAGGCCCCCAGA
6,21,42,head_5,recovery,0.005859375,-0.13061749935150146,3287,GGCACC,3.146484375,3286,GGCACA,3.171875,3286,GGCACA,3.171875,3287,GGCACC,0.0012461773585528135,3286,GGCACA,0.004687521606683731,2653,GACAGG,0.15890538692474365,False,False,True,-0.0005637779831886292,GCGCAGAGGCGCCAGGACAGGCCCCCAGA
6,22,42,head_5,recovery,0.04833984375,-0.07840371131896973,3287,GGCACC,3.154296875,3286,GGCACA,3.166015625,3286,GGCACA,3.166015625,3287,GGCACC,0.0012379219988361,3286,GGCACA,0.004612131509929895,2653,GACAGG,0.16185270249843597,False,False,True,-0.0008999183773994446,GCGCAGAGGCGCCAGGACAGGCCCCCAGA
6,23,42,head_5,recovery,0.02392578125,0.01800549030303955,3287,GGCACC,3.1171875,3286,GGCACA,3.13671875,3286,GGCACA,3.13671875,3287,GGCACC,0.0011839031940326095,3286,GGCACA,0.004434153437614441,2653,GACAGG,0.15982294082641602,False,False,True,-0.00012637674808502197,GCGCAGAGGCGCCAGGACAGGCCCCCAGA
6,24,42,head_5,recovery,0.02392578125,0.010481476783752441,3287,GGCACC,3.1171875,3286,GGCACA,3.13671875,3286,GGCACA,3.13671875,3287,GGCACC,0.0011781054781749845,3286,GGCACA,0.0044380296021699905,2653,GACAGG,0.15966516733169556,False,False,True,-0.0002998560667037964,GCGCAGAGGCGCCAGGACAGGCCCCCAGA
6,25,42,head_5,recovery,-0.0185546875,-0.016591548919677734,3287,GGCACC,3.11328125,3286,GGCACA,3.146484375,3286,GGCACA,3.146484375,3287,GGCACC,0.001179522485472262,3286,GGCACA,0.004474256187677383,2653,GACAGG,0.15690410137176514,False,False,True,-0.0007380470633506775,GCGCAGAGGCGCCAGGACAGGCCCCCAGA
6,26,42,head_5,recovery,-0.0185546875,0.020653128623962402,3287,GGCACC,3.107421875,3286,GGCACA,3.140625,3286,GGCACA,3.140625,3287,GGCACC,0.001151960575953126,3286,GGCACA,0.004398806486278772,2653,GACAGG,0.15878133475780487,False,False,True,3.9227306842803955e-05,GCGCAGAGGCGCCAGGACAGGCCCCCAGA
6,27,42,head_5,recovery,-0.01171875,0.06529474258422852,3287,GGCACC,3.103515625,3286,GGCACA,3.134765625,3286,GGCACA,3.134765625,3287,GGCACC,0.0011419720249250531,3286,GGCACA,0.0043314192444086075,2653,GACAGG,0.16002973914146423,False,False,True,0.0005177333950996399,GCGCAGAGGCGCCAGGACAGGCCCCCAGA
6,28,42,head_5,recovery,-0.0244140625,0.03125029802322388,3287,GGCACC,3.1015625,3286,GGCACA,3.13671875,3286,GGCACA,3.13671875,3287,GGCACC,0.0011376902693882585,3286,GGCACA,0.004370910581201315,2653,GACAGG,0.16043758392333984,False,False,True,4.1872262954711914e-05,GCGCAGAGGCGCCAGGACAGGCCCCCAGA
6,29,42,head_5,recovery,-0.01171875,-0.009650826454162598,3287,GGCACC,3.109375,3286,GGCACA,3.140625,3286,GGCACA,3.140625,3287,GGCACC,0.0011613608803600073,3286,GGCACA,0.0044471705332398415,2653,GACAGG,0.15956003963947296,False,False,True,-0.0008909404277801514,GCGCAGAGGCGCCAGGACAGGCCCCCAGA
6,30,42,head_5,recovery,-0.005859375,-0.02148270606994629,3287,GGCACC,3.107421875,3286,GGCACA,3.13671875,3286,GGCACA,3.13671875,3287,GGCACC,0.001164067187346518,3286,GGCACA,0.004465089645236731,2653,GACAGG,0.15779387950897217,False,False,True,-0.001456931233406067,GCGCAGAGGCGCCAGGACAGGCCCCCAGA
6,31,42,head_5,recovery,0.0,-0.016384482383728027,3287,GGCACC,3.115234375,3286,GGCACA,3.142578125,3286,GGCACA,3.142578125,3287,GGCACC,0.0011714211432263255,3286,GGCACA,0.004465888720005751,2653,GACAGG,0.15850026905536652,False,False,True,-0.0007604286074638367,GCGCAGAGGCGCCAGGACAGGCCCCCAGA
6,32,42,head_5,recovery,-0.01171875,-0.022350430488586426,3287,GGCACC,3.1171875,3286,GGCACA,3.1484375,3286,GGCACA,3.1484375,3287,GGCACC,0.0011794095626100898,3286,GGCACA,0.004481547977775335,2653,GACAGG,0.15922360122203827,False,False,True,-6.652623414993286e-05,GCGCAGAGGCGCCAGGACAGGCCCCCAGA
7,0,42,head_5,recovery,0.0419921875,0.001431107521057129,3287,GGCACC,3.123046875,3286,GGCACA,3.13671875,3286,GGCACA,3.13671875,3287,GGCACC,0.0012317437212914228,3286,GGCACA,0.0045033046044409275,2653,GACAGG,0.1562640368938446,False,False,True,-5.5320560932159424e-05,GCGCAGAGGCGCCAGGACAGGCCCCCAGA
7,1,42,head_5,recovery,0.0419921875,0.025974631309509277,3287,GGCACC,3.12109375,3286,GGCACA,3.134765625,3286,GGCACA,3.134765625,3287,GGCACC,0.0012236618204042315,3286,GGCACA,0.0044636656530201435,2653,GACAGG,0.15675020217895508,False,False,True,2.8930604457855225e-05,GCGCAGAGGCGCCAGGACAGGCCCCCAGA
7,2,42,head_5,recovery,0.02392578125,-0.0017246007919311523,3287,GGCACC,3.12109375,3286,GGCACA,3.140625,3286,GGCACA,3.140625,3287,GGCACC,0.00120960408821702,3286,GGCACA,0.004485222510993481,2653,GACAGG,0.15762022137641907,False,False,True,-0.0004927292466163635,GCGCAGAGGCGCCAGGACAGGCCCCCAGA
7,3,42,head_5,recovery,0.01220703125,0.03123342990875244,3287,GGCACC,3.1171875,3286,GGCACA,3.140625,3286,GGCACA,3.140625,3287,GGCACC,0.0011815896723419428,3286,GGCACA,0.004414831753820181,2653,GACAGG,0.15869490802288055,False,False,True,-0.0005634874105453491,GCGCAGAGGCGCCAGGACAGGCCCCCAGA
7,4,42,head_5,recovery,0.01806640625,0.13900113105773926,3287,GGCACC,3.103515625,3286,GGCACA,3.125,3286,GGCACA,3.125,3287,GGCACC,0.0011125755263492465,3286,GGCACA,0.00420725392177701,2653,GACAGG,0.16178244352340698,False,False,True,-0.0012376531958580017,GCGCAGAGGCGCCAGGACAGGCCCCCAGA
7,5,42,head_5,recovery,0.0361328125,0.20575934648513794,3287,GGCACC,3.11328125,3286,GGCACA,3.12890625,3286,GGCACA,3.12890625,3287,GGCACC,0.0010906945681199431,3286,GGCACA,0.004099537618458271,2653,GACAGG,0.16556909680366516,False,False,True,-7.954239845275879e-05,GCGCAGAGGCGCCAGGACAGGCCCCCAGA
7,6,42,head_5,recovery,0.01806640625,0.20220577716827393,3287,GGCACC,3.11328125,3286,GGCACA,3.134765625,3286,GGCACA,3.134765625,3287,GGCACC,0.0011032517068088055,3286,GGCACA,0.004116663709282875,2653,GACAGG,0.1632416695356369,False,False,True,7.647275924682617e-05,GCGCAGAGGCGCCAGGACAGGCCCCCAGA
7,7,42,head_5,recovery,0.02392578125,0.0859338641166687,3287,GGCACC,3.126953125,3286,GGCACA,3.146484375,3286,GGCACA,3.146484375,3287,GGCACC,0.0011696451110765338,3286,GGCACA,0.004332555457949638,2653,GACAGG,0.15990327298641205,False,False,True,-0.0026808157563209534,GCGCAGAGGCGCCAGGACAGGCCCCCAGA
7,8,42,head_5,recovery,0.01220703125,0.03378182649612427,3287,GGCACC,3.11328125,3286,GGCACA,3.13671875,3286,GGCACA,3.13671875,3287,GGCACC,0.0011855713091790676,3286,GGCACA,0.004415536765009165,2653,GACAGG,0.15689505636692047,False,False,True,-0.0033367276191711426,GCGCAGAGGCGCCAGGACAGGCCCCCAGA
7,9,42,head_5,recovery,0.05419921875,0.2206183671951294,3287,GGCACC,3.11328125,3286,GGCACA,3.123046875,3286,GGCACA,3.123046875,3287,GGCACC,0.0011556921526789665,3286,GGCACA,0.004145429935306311,2653,GACAGG,0.16110947728157043,False,False,True,-0.0005097314715385437,GCGCAGAGGCGCCAGGACAGGCCCCCAGA
7,10,42,head_5,recovery,0.02392578125,0.24124300479888916,3287,GGCACC,3.11328125,3286,GGCACA,3.1328125,3286,GGCACA,3.1328125,3287,GGCACC,0.0011648177169263363,3286,GGCACA,0.004128037020564079,2653,GACAGG,0.16252291202545166,False,False,True,0.0032981038093566895,GCGCAGAGGCGCCAGGACAGGCCCCCAGA
7,11,42,head_5,recovery,0.0302734375,0.2471398115158081,3287,GGCACC,3.115234375,3286,GGCACA,3.1328125,3286,GGCACA,3.1328125,3287,GGCACC,0.0011485987342894077,3286,GGCACA,0.004104236140847206,2653,GACAGG,0.16312430799007416,False,False,True,0.0024564266204833984,GCGCAGAGGCGCCAGGACAGGCCCCCAGA
7,12,42,head_5,recovery,0.02392578125,0.1881502866744995,3287,GGCACC,3.115234375,3286,GGCACA,3.134765625,3286,GGCACA,3.134765625,3287,GGCACC,0.0011626773048192263,3286,GGCACA,0.004194161389023066,2653,GACAGG,0.16425679624080658,False,False,True,0.001667603850364685,GCGCAGAGGCGCCAGGACAGGCCCCCAGA
7,13,42,head_5,recovery,0.0,0.077312171459198,3287,GGCACC,3.109375,3286,GGCACA,3.13671875,3286,GGCACA,3.13671875,3287,GGCACC,0.0012002458097413182,3286,GGCACA,0.004374241456389427,2653,GACAGG,0.16254670917987823,False,False,True,-0.0006917864084243774,GCGCAGAGGCGCCAGGACAGGCCCCCAGA
7,14,42,head_5,recovery,-0.01171875,0.013490378856658936,3287,GGCACC,3.103515625,3286,GGCACA,3.134765625,3286,GGCACA,3.134765625,3287,GGCACC,0.0012021538568660617,3286,GGCACA,0.004458209499716759,2653,GACAGG,0.16385184228420258,False,False,True,-0.0024335235357284546,GCGCAGAGGCGCCAGGACAGGCCCCCAGA
7,15,42,head_5,recovery,-0.060546875,-0.2686210870742798,3287,GGCACC,3.109375,3286,GGCACA,3.15625,3286,GGCACA,3.15625,3287,GGCACC,0.0013061371864750981,3286,GGCACA,0.004924921318888664,2653,GACAGG,0.15395474433898926,False,False,True,-0.003004692494869232,GCGCAGAGGCGCCAGGACAGGCCCCCAGA
7,16,42,head_5,recovery,0.01220703125,-0.2033379077911377,3287,GGCACC,3.1328125,3286,GGCACA,3.15625,3286,GGCACA,3.15625,3287,GGCACC,0.001319029019214213,3286,GGCACA,0.004853874444961548,2653,GACAGG,0.15309429168701172,False,False,True,-0.0005034655332565308,GCGCAGAGGCGCCAGGACAGGCCCCCAGA
7,17,42,head_5,recovery,-0.0244140625,-0.21651101112365723,3287,GGCACC,3.1328125,3286,GGCACA,3.16796875,3286,GGCACA,3.16796875,3287,GGCACC,0.001269177533686161,3286,GGCACA,0.004820960573852062,2653,GACAGG,0.1519123762845993,False,False,True,-1.0311603546142578e-05,GCGCAGAGGCGCCAGGACAGGCCCCCAGA
7,18,42,head_5,recovery,0.0419921875,0.04711228609085083,3287,GGCACC,3.123046875,3286,GGCACA,3.13671875,3286,GGCACA,3.13671875,3287,GGCACC,0.0011921350378543139,3286,GGCACA,0.0044049606658518314,2653,GACAGG,0.15527039766311646,False,False,True,-0.0003368109464645386,GCGCAGAGGCGCCAGGACAGGCCCCCAGA
7,19,42,head_5,recovery,0.0361328125,0.11709004640579224,3287,GGCACC,3.10546875,3286,GGCACA,3.12109375,3286,GGCACA,3.12109375,3287,GGCACC,0.0011415804037824273,3286,GGCACA,0.004264431074261665,2653,GACAGG,0.15770630538463593,False,False,True,-0.0009089186787605286,GCGCAGAGGCGCCAGGACAGGCCCCCAGA
7,20,42,head_5,recovery,0.08447265625,0.24075263738632202,3287,GGCACC,3.125,3286,GGCACA,3.125,3628,GTCCCG,3.15625,3287,GGCACC,0.0011700321920216084,3286,GGCACA,0.004133882001042366,2653,GACAGG,0.16495318710803986,False,False,True,0.0008386820554733276,GCGCAGAGGCGCCAGGACAGGCCCCCAGA
7,21,42,head_5,recovery,0.02392578125,0.12281405925750732,3287,GGCACC,3.140625,3286,GGCACA,3.16015625,3286,GGCACA,3.16015625,3287,GGCACC,0.0011793620651587844,3286,GGCACA,0.004294853191822767,2653,GACAGG,0.16458489000797272,False,False,True,0.0001498013734817505,GCGCAGAGGCGCCAGGACAGGCCCCCAGA
7,22,42,head_5,recovery,0.0,0.06002229452133179,3287,GGCACC,3.154296875,3286,GGCACA,3.181640625,3286,GGCACA,3.181640625,3287,GGCACC,0.0012204161612316966,3286,GGCACA,0.004416642710566521,2653,GACAGG,0.16370464861392975,False,False,True,0.0008913576602935791,GCGCAGAGGCGCCAGGACAGGCCCCCAGA
7,23,42,head_5,recovery,-0.01171875,-0.040574073791503906,3287,GGCACC,3.140625,3286,GGCACA,3.171875,3286,GGCACA,3.171875,3287,GGCACC,0.0012300016824156046,3286,GGCACA,0.004555571358650923,2653,GACAGG,0.1567326784133911,False,False,True,0.0002597495913505554,GCGCAGAGGCGCCAGGACAGGCCCCCAGA
7,24,42,head_5,recovery,-0.01171875,-0.0012286901473999023,3287,GGCACC,3.13671875,3286,GGCACA,3.16796875,3286,GGCACA,3.16796875,3287,GGCACC,0.0012074250262230635,3286,GGCACA,0.004482405725866556,2653,GACAGG,0.1583067625761032,False,False,True,0.00033286213874816895,GCGCAGAGGCGCCAGGACAGGCCCCCAGA
7,25,42,head_5,recovery,0.0361328125,0.05423015356063843,3287,GGCACC,3.12109375,3286,GGCACA,3.13671875,3286,GGCACA,3.13671875,3287,GGCACC,0.0011757983593270183,3286,GGCACA,0.004379472229629755,2653,GACAGG,0.15962505340576172,False,False,True,-0.00024390220642089844,GCGCAGAGGCGCCAGGACAGGCCCCCAGA
7,26,42,head_5,recovery,0.0302734375,0.03770339488983154,3287,GGCACC,3.125,3286,GGCACA,3.142578125,3286,GGCACA,3.142578125,3287,GGCACC,0.0011827581329271197,3286,GGCACA,0.0044076815247535706,2653,GACAGG,0.15969516336917877,False,False,True,-0.0003401711583137512,GCGCAGAGGCGCCAGGACAGGCCCCCAGA
7,27,42,head_5,recovery,0.0,-0.006994724273681641,3287,GGCACC,3.125,3286,GGCACA,3.15234375,3286,GGCACA,3.15234375,3287,GGCACC,0.001183617627248168,3286,GGCACA,0.004466012120246887,2653,GACAGG,0.15743443369865417,False,False,True,-0.0010939687490463257,GCGCAGAGGCGCCAGGACAGGCCCCCAGA
7,28,42,head_5,recovery,0.005859375,-0.022023558616638184,3287,GGCACC,3.134765625,3286,GGCACA,3.16015625,3286,GGCACA,3.16015625,3287,GGCACC,0.0012112508993595839,3286,GGCACA,0.004512968938797712,2653,GACAGG,0.15760619938373566,False,False,True,-0.0006028711795806885,GCGCAGAGGCGCCAGGACAGGCCCCCAGA
7,29,42,head_5,recovery,-0.0185546875,-0.08047294616699219,3287,GGCACC,3.140625,3286,GGCACA,3.173828125,3286,GGCACA,3.173828125,3287,GGCACC,0.0012591045815497637,3286,GGCACA,0.004635974764823914,2653,GACAGG,0.15409474074840546,False,False,True,0.0007460340857505798,GCGCAGAGGCGCCAGGACAGGCCCCCAGA
7,30,42,head_5,recovery,0.005859375,-0.06785809993743896,3287,GGCACC,3.142578125,3286,GGCACA,3.16796875,3286,GGCACA,3.16796875,3287,GGCACC,0.0012656577164307237,3286,GGCACA,0.004626308102160692,2653,GACAGG,0.15603065490722656,False,False,True,0.0015367120504379272,GCGCAGAGGCGCCAGGACAGGCCCCCAGA
7,31,42,head_5,recovery,0.01806640625,-0.0727165937423706,3287,GGCACC,3.126953125,3286,GGCACA,3.1484375,3286,GGCACA,3.1484375,3287,GGCACC,0.0012493039248511195,3286,GGCACA,0.004616201389580965,2653,GACAGG,0.1551325023174286,False,False,True,0.0015028417110443115,GCGCAGAGGCGCCAGGACAGGCCCCCAGA
7,32,42,head_5,recovery,-0.005859375,0.019568979740142822,3287,GGCACC,3.115234375,3286,GGCACA,3.14453125,3286,GGCACA,3.14453125,3287,GGCACC,0.0011598225682973862,3286,GGCACA,0.004408062435686588,2653,GACAGG,0.1592174619436264,False,False,True,-0.00046765804290771484,GCGCAGAGGCGCCAGGACAGGCCCCCAGA
8,0,42,head_5,recovery,0.0,0.001315772533416748,3287,GGCACC,3.115234375,3286,GGCACA,3.142578125,3286,GGCACA,3.142578125,3287,GGCACC,0.0011826344998553395,3286,GGCACA,0.00445434357970953,2653,GACAGG,0.1572316735982895,False,False,True,-0.0006068423390388489,GCGCAGAGGCGCCAGGACAGGCCCCCAGA
8,1,42,head_5,recovery,0.01220703125,0.0036033987998962402,3287,GGCACC,3.1171875,3286,GGCACA,3.140625,3286,GGCACA,3.140625,3287,GGCACC,0.001181620405986905,3286,GGCACA,0.004450388252735138,2653,GACAGG,0.15789952874183655,False,False,True,-0.0009863898158073425,GCGCAGAGGCGCCAGGACAGGCCCCCAGA
8,2,42,head_5,recovery,0.005859375,-0.004557371139526367,3287,GGCACC,3.12109375,3286,GGCACA,3.146484375,3286,GGCACA,3.146484375,3287,GGCACC,0.0011819719802588224,3286,GGCACA,0.004461232572793961,2653,GACAGG,0.15790313482284546,False,False,True,-0.0006657615303993225,GCGCAGAGGCGCCAGGACAGGCCCCCAGA
8,3,42,head_5,recovery,0.0,-0.008089780807495117,3287,GGCACC,3.125,3286,GGCACA,3.15234375,3286,GGCACA,3.15234375,3287,GGCACC,0.001179661718197167,3286,GGCACA,0.004463464021682739,2653,GACAGG,0.1582789123058319,False,False,True,-0.0016519352793693542,GCGCAGAGGCGCCAGGACAGGCCCCCAGA
8,4,42,head_5,recovery,-0.005859375,-0.015631437301635742,3287,GGCACC,3.123046875,3286,GGCACA,3.15234375,3286,GGCACA,3.15234375,3287,GGCACC,0.001177713624201715,3286,GGCACA,0.004471213091164827,2653,GACAGG,0.15812847018241882,False,False,True,-0.0013927444815635681,GCGCAGAGGCGCCAGGACAGGCCCCCAGA
8,5,42,head_5,recovery,-0.005859375,-0.03538370132446289,3287,GGCACC,3.123046875,3286,GGCACA,3.15234375,3286,GGCACA,3.15234375,3287,GGCACC,0.001180473598651588,3286,GGCACA,0.004499369766563177,2653,GACAGG,0.15702103078365326,False,False,True,-0.0018678456544876099,GCGCAGAGGCGCCAGGACAGGCCCCCAGA
8,6,42,head_5,recovery,-0.0244140625,-0.05527377128601074,3287,GGCACC,3.1171875,3286,GGCACA,3.15234375,3286,GGCACA,3.15234375,3287,GGCACC,0.0011783421505242586,3286,GGCACA,0.004522812087088823,2653,GACAGG,0.15737497806549072,False,False,True,-0.0006186589598655701,GCGCAGAGGCGCCAGGACAGGCCCCCAGA
8,7,42,head_5,recovery,0.0,-0.02954888343811035,3287,GGCACC,3.115234375,3286,GGCACA,3.142578125,3286,GGCACA,3.142578125,3287,GGCACC,0.0011842348612844944,3286,GGCACA,0.004495628643780947,2653,GACAGG,0.15705811977386475,False,False,True,0.00040546804666519165,GCGCAGAGGCGCCAGGACAGGCCCCCAGA
8,8,42,head_5,recovery,0.01806640625,0.02706855535507202,3287,GGCACC,3.115234375,3286,GGCACA,3.13671875,3286,GGCACA,3.13671875,3287,GGCACC,0.0011699849274009466,3286,GGCACA,0.004408582113683224,2653,GACAGG,0.15912692248821259,False,False,True,0.0015035346150398254,GCGCAGAGGCGCCAGGACAGGCCCCCAGA
8,9,42,head_5,recovery,0.01806640625,0.05062258243560791,3287,GGCACC,3.115234375,3286,GGCACA,3.13671875,3286,GGCACA,3.13671875,3287,GGCACC,0.0011609719367697835,3286,GGCACA,0.004369284026324749,2653,GACAGG,0.1594092845916748,False,False,True,0.0014644339680671692,GCGCAGAGGCGCCAGGACAGGCCCCCAGA
8,10,42,head_5,recovery,-0.01171875,0.01797473430633545,3287,GGCACC,3.11328125,3286,GGCACA,3.14453125,3286,GGCACA,3.14453125,3287,GGCACC,0.0011696593137457967,3286,GGCACA,0.004419948905706406,2653,GACAGG,0.15876254439353943,False,False,True,-0.00041941553354263306,GCGCAGAGGCGCCAGGACAGGCCCCCAGA
8,11,42,head_5,recovery,-0.0185546875,-0.03515446186065674,3287,GGCACC,3.123046875,3286,GGCACA,3.15625,3286,GGCACA,3.15625,3287,GGCACC,0.001191050629131496,3286,GGCACA,0.004509652033448219,2653,GACAGG,0.15692663192749023,False,False,True,-0.0009390488266944885,GCGCAGAGGCGCCAGGACAGGCCCCCAGA
8,12,42,head_5,recovery,-0.01171875,-0.03391289710998535,3287,GGCACC,3.11328125,3286,GGCACA,3.14453125,3286,GGCACA,3.14453125,3287,GGCACC,0.0011864136904478073,3286,GGCACA,0.004503418691456318,2653,GACAGG,0.15698496997356415,False,False,True,-0.0025184378027915955,GCGCAGAGGCGCCAGGACAGGCCCCCAGA
8,13,42,head_5,recovery,0.01220703125,-0.028253674507141113,3287,GGCACC,3.12109375,3286,GGCACA,3.14453125,3286,GGCACA,3.14453125,3287,GGCACC,0.00120006303768605,3286,GGCACA,0.004509791731834412,2653,GACAGG,0.15494707226753235,False,False,True,-0.0013035237789154053,GCGCAGAGGCGCCAGGACAGGCCCCCAGA
8,14,42,head_5,recovery,0.01806640625,-0.02308964729309082,3287,GGCACC,3.12109375,3286,GGCACA,3.142578125,3286,GGCACA,3.142578125,3287,GGCACC,0.0011924654245376587,3286,GGCACA,0.0044955541379749775,2653,GACAGG,0.15564794838428497,False,False,True,-0.0019027367234230042,GCGCAGAGGCGCCAGGACAGGCCCCCAGA
8,15,42,head_5,recovery,0.01806640625,-0.07554566860198975,3287,GGCACC,3.126953125,3286,GGCACA,3.1484375,3286,GGCACA,3.1484375,3287,GGCACC,0.0012381484266370535,3286,GGCACA,0.004608683288097382,2653,GACAGG,0.1531805843114853,False,False,True,-0.001021265983581543,GCGCAGAGGCGCCAGGACAGGCCCCCAGA
8,16,42,head_5,recovery,0.01806640625,-0.03746521472930908,3287,GGCACC,3.126953125,3286,GGCACA,3.1484375,3286,GGCACA,3.1484375,3287,GGCACC,0.001227470813319087,3286,GGCACA,0.004549043253064156,2653,GACAGG,0.15531855821609497,False,False,True,-0.0012140348553657532,GCGCAGAGGCGCCAGGACAGGCCCCCAGA
8,17,42,head_5,recovery,-0.005859375,-0.08553075790405273,3287,GGCACC,3.115234375,3286,GGCACA,3.14453125,3286,GGCACA,3.14453125,3287,GGCACC,0.0012106032809242606,3286,GGCACA,0.004593976773321629,2653,GACAGG,0.15349069237709045,False,False,True,-0.0004450082778930664,GCGCAGAGGCGCCAGGACAGGCCCCCAGA
8,18,42,head_5,recovery,-0.0244140625,0.004139721393585205,3287,GGCACC,3.107421875,3286,GGCACA,3.142578125,3286,GGCACA,3.142578125,3287,GGCACC,0.0011655057314783335,3286,GGCACA,0.0044335839338600636,2653,GACAGG,0.15643683075904846,False,False,True,0.0006082504987716675,GCGCAGAGGCGCCAGGACAGGCCCCCAGA
8,19,42,head_5,recovery,-0.005859375,-0.11317765712738037,3287,GGCACC,3.125,3286,GGCACA,3.154296875,3286,GGCACA,3.154296875,3287,GGCACC,0.001211007358506322,3286,GGCACA,0.004629928153008223,2653,GACAGG,0.15422756969928741,False,False,True,0.00010824203491210938,GCGCAGAGGCGCCAGGACAGGCCCCCAGA
8,20,42,head_5,recovery,-0.01171875,-0.14585554599761963,3287,GGCACC,3.125,3286,GGCACA,3.15625,3286,GGCACA,3.15625,3287,GGCACC,0.0012413623044267297,3286,GGCACA,0.004702298901975155,2653,GACAGG,0.15430165827274323,False,False,True,0.000690363347530365,GCGCAGAGGCGCCAGGACAGGCCCCCAGA
8,21,42,head_5,recovery,0.01220703125,-0.1541593074798584,3287,GGCACC,3.12890625,3286,GGCACA,3.15234375,3286,GGCACA,3.15234375,3287,GGCACC,0.0012519784504547715,3286,GGCACA,0.0047235917299985886,2653,GACAGG,0.15492470562458038,False,False,True,0.0005727037787437439,GCGCAGAGGCGCCAGGACAGGCCCCCAGA
8,22,42,head_5,recovery,-0.01171875,-0.07123136520385742,3287,GGCACC,3.11328125,3286,GGCACA,3.14453125,3286,GGCACA,3.14453125,3287,GGCACC,0.0012053726240992546,3286,GGCACA,0.004570360295474529,2653,GACAGG,0.15832731127738953,False,False,True,0.0010819360613822937,GCGCAGAGGCGCCAGGACAGGCCCCCAGA
8,23,42,head_5,recovery,0.005859375,0.012450933456420898,3287,GGCACC,3.115234375,3286,GGCACA,3.140625,3286,GGCACA,3.140625,3287,GGCACC,0.0011766036041080952,3286,GGCACA,0.004433995578438044,2653,GACAGG,0.16033998131752014,False,False,True,0.0005820468068122864,GCGCAGAGGCGCCAGGACAGGCCCCCAGA
8,24,42,head_5,recovery,0.005859375,0.010194659233093262,3287,GGCACC,3.1171875,3286,GGCACA,3.142578125,3286,GGCACA,3.142578125,3287,GGCACC,0.0011705363867804408,3286,GGCACA,0.004430829547345638,2653,GACAGG,0.1607004851102829,False,False,True,0.0005487725138664246,GCGCAGAGGCGCCAGGACAGGCCCCCAGA
8,25,42,head_5,recovery,0.01806640625,0.029753804206848145,3287,GGCACC,3.123046875,3286,GGCACA,3.14453125,3286,GGCACA,3.14453125,3287,GGCACC,0.0011760001070797443,3286,GGCACA,0.004411144647747278,2653,GACAGG,0.15828195214271545,False,False,True,-0.00010515004396438599,GCGCAGAGGCGCCAGGACAGGCCCCCAGA
8,26,42,head_5,recovery,0.01220703125,0.001398324966430664,3287,GGCACC,3.123046875,3286,GGCACA,3.146484375,3286,GGCACA,3.146484375,3287,GGCACC,0.0011814668541774154,3286,GGCACA,0.004453069996088743,2653,GACAGG,0.15787659585475922,False,False,True,0.00022009015083312988,GCGCAGAGGCGCCAGGACAGGCCCCCAGA
8,27,42,head_5,recovery,0.01220703125,0.03303307294845581,3287,GGCACC,3.11328125,3286,GGCACA,3.13671875,3286,GGCACA,3.13671875,3287,GGCACC,0.0011582395527511835,3286,GGCACA,0.0043891677632927895,2653,GACAGG,0.15849144756793976,False,False,True,0.00027614086866378784,GCGCAGAGGCGCCAGGACAGGCCCCCAGA
8,28,42,head_5,recovery,0.005859375,0.04159343242645264,3287,GGCACC,3.115234375,3286,GGCACA,3.140625,3286,GGCACA,3.140625,3287,GGCACC,0.0011534088989719748,3286,GGCACA,0.004373330622911453,2653,GACAGG,0.15972256660461426,False,False,True,4.9591064453125e-05,GCGCAGAGGCGCCAGGACAGGCCCCCAGA
8,29,42,head_5,recovery,0.01220703125,0.04830402135848999,3287,GGCACC,3.1171875,3286,GGCACA,3.140625,3286,GGCACA,3.140625,3287,GGCACC,0.0011559376725926995,3286,GGCACA,0.004367230925709009,2653,GACAGG,0.16033676266670227,False,False,True,-0.00017736852169036865,GCGCAGAGGCGCCAGGACAGGCCCCCAGA
8,30,42,head_5,recovery,0.01220703125,0.016254067420959473,3287,GGCACC,3.123046875,3286,GGCACA,3.146484375,3286,GGCACA,3.146484375,3287,GGCACC,0.0011744714574888349,3286,GGCACA,0.004426973406225443,2653,GACAGG,0.1596299111843109,False,False,True,-0.0005989298224449158,GCGCAGAGGCGCCAGGACAGGCCCCCAGA
8,31,42,head_5,recovery,-0.01171875,-0.014370441436767578,3287,GGCACC,3.115234375,3286,GGCACA,3.146484375,3286,GGCACA,3.146484375,3287,GGCACC,0.0011664177291095257,3286,GGCACA,0.004458295647054911,2653,GACAGG,0.1582428365945816,False,False,True,-0.0008919760584831238,GCGCAGAGGCGCCAGGACAGGCCCCCAGA
8,32,42,head_5,recovery,-0.0302734375,0.010113537311553955,3287,GGCACC,3.109375,3286,GGCACA,3.146484375,3286,GGCACA,3.146484375,3287,GGCACC,0.001150714699178934,3286,GGCACA,0.004411112051457167,2653,GACAGG,0.15841126441955566,False,False,True,-0.0007100328803062439,GCGCAGAGGCGCCAGGACAGGCCCCCAGA
9,0,42,head_5,recovery,0.0,-0.014061331748962402,3287,GGCACC,3.1171875,3286,GGCACA,3.14453125,3286,GGCACA,3.14453125,3287,GGCACC,0.0011801666114479303,3286,GGCACA,0.004471647087484598,2653,GACAGG,0.1581438183784485,False,False,True,0.0003714561462402344,GCGCAGAGGCGCCAGGACAGGCCCCCAGA
9,1,42,head_5,recovery,0.01220703125,0.0013219118118286133,3287,GGCACC,3.125,3286,GGCACA,3.1484375,3286,GGCACA,3.1484375,3287,GGCACC,0.0011792719596996903,3286,GGCACA,0.0044509731233119965,2653,GACAGG,0.15874169766902924,False,False,True,0.0006413087248802185,GCGCAGAGGCGCCAGGACAGGCCCCCAGA
9,2,42,head_5,recovery,0.0,0.02868252992630005,3287,GGCACC,3.1171875,3286,GGCACA,3.14453125,3286,GGCACA,3.14453125,3287,GGCACC,0.001172007992863655,3286,GGCACA,0.004408529959619045,2653,GACAGG,0.1581326425075531,False,False,True,0.0003372207283973694,GCGCAGAGGCGCCAGGACAGGCCCCCAGA
9,3,42,head_5,recovery,0.0,-0.0038393735885620117,3287,GGCACC,3.12109375,3286,GGCACA,3.1484375,3286,GGCACA,3.1484375,3287,GGCACC,0.0011770878918468952,3286,GGCACA,0.004455425310879946,2653,GACAGG,0.15838003158569336,False,False,True,0.0002704933285713196,GCGCAGAGGCGCCAGGACAGGCCCCCAGA
9,4,42,head_5,recovery,0.005859375,0.025084972381591797,3287,GGCACC,3.12109375,3286,GGCACA,3.146484375,3286,GGCACA,3.146484375,3287,GGCACC,0.001176321180537343,3286,GGCACA,0.004417468793690205,2653,GACAGG,0.15833725035190582,False,False,True,-0.00023896992206573486,GCGCAGAGGCGCCAGGACAGGCCCCCAGA
9,5,42,head_5,recovery,0.01220703125,0.0017489194869995117,3287,GGCACC,3.1171875,3286,GGCACA,3.140625,3286,GGCACA,3.140625,3287,GGCACC,0.001190475537441671,3286,GGCACA,0.004461627919226885,2653,GACAGG,0.15709757804870605,False,False,True,-0.001329667866230011,GCGCAGAGGCGCCAGGACAGGCCCCCAGA
9,6,42,head_5,recovery,0.01806640625,-0.013031840324401855,3287,GGCACC,3.12109375,3286,GGCACA,3.142578125,3286,GGCACA,3.142578125,3287,GGCACC,0.0011889571323990822,3286,GGCACA,0.004479113966226578,2653,GACAGG,0.1580047458410263,False,False,True,-0.0010120943188667297,GCGCAGAGGCGCCAGGACAGGCCCCCAGA
9,7,42,head_5,recovery,0.06005859375,0.00349348783493042,3287,GGCACC,3.12109375,3286,GGCACA,3.12890625,3286,GGCACA,3.12890625,3287,GGCACC,0.0011997654801234603,3286,GGCACA,0.004468674771487713,2653,GACAGG,0.15871292352676392,False,False,True,-0.0020782798528671265,GCGCAGAGGCGCCAGGACAGGCCCCCAGA
9,8,42,head_5,recovery,0.06640625,0.019730865955352783,3287,GGCACC,3.12109375,3286,GGCACA,3.126953125,3286,GGCACA,3.126953125,3287,GGCACC,0.001192849245853722,3286,GGCACA,0.004440880846232176,2653,GACAGG,0.15866719186306,False,False,True,-0.001914091408252716,GCGCAGAGGCGCCAGGACAGGCCCCCAGA
9,9,42,head_5,recovery,0.05419921875,0.03353160619735718,3287,GGCACC,3.123046875,3286,GGCACA,3.1328125,3286,GGCACA,3.1328125,3287,GGCACC,0.0011862582759931684,3286,GGCACA,0.004416545387357473,2653,GACAGG,0.15985523164272308,False,False,True,-0.001189887523651123,GCGCAGAGGCGCCAGGACAGGCCCCCAGA
9,10,42,head_5,recovery,-0.005859375,0.03282284736633301,3287,GGCACC,3.115234375,3286,GGCACA,3.14453125,3286,GGCACA,3.14453125,3287,GGCACC,0.0011684522032737732,3286,GGCACA,0.004399650730192661,2653,GACAGG,0.15850433707237244,False,False,True,2.1517276763916016e-05,GCGCAGAGGCGCCAGGACAGGCCCCCAGA
9,11,42,head_5,recovery,-0.01171875,0.03228175640106201,3287,GGCACC,3.1171875,3286,GGCACA,3.1484375,3286,GGCACA,3.1484375,3287,GGCACC,0.0011710136895999312,3286,GGCACA,0.004402908030897379,2653,GACAGG,0.15930816531181335,False,False,True,0.0005289167165756226,GCGCAGAGGCGCCAGGACAGGCCCCCAGA
9,12,42,head_5,recovery,0.0,0.035171329975128174,3287,GGCACC,3.10546875,3286,GGCACA,3.1328125,3286,GGCACA,3.1328125,3287,GGCACC,0.001149990363046527,3286,GGCACA,0.004378169309347868,2653,GACAGG,0.15758369863033295,False,False,True,0.00017092376947402954,GCGCAGAGGCGCCAGGACAGGCCCCCAGA
9,13,42,head_5,recovery,0.04833984375,0.1701521873474121,3287,GGCACC,3.1015625,3286,GGCACA,3.11328125,3286,GGCACA,3.11328125,3287,GGCACC,0.0011463314294815063,3286,GGCACA,0.004200956784188747,2653,GACAGG,0.15889030694961548,False,False,True,0.0030421242117881775,GCGCAGAGGCGCCAGGACAGGCCCCCAGA
9,14,42,head_5,recovery,0.005859375,0.07265686988830566,3287,GGCACC,3.103515625,3286,GGCACA,3.12890625,3286,GGCACA,3.12890625,3287,GGCACC,0.0011490002507343888,3286,GGCACA,0.0043289815075695515,2653,GACAGG,0.159664124250412,False,False,True,0.00102321058511734,GCGCAGAGGCGCCAGGACAGGCCCCCAGA
9,15,42,head_5,recovery,-0.005859375,0.23167383670806885,3287,GGCACC,3.09765625,3286,GGCACA,3.126953125,3286,GGCACA,3.126953125,3287,GGCACC,0.001101385336369276,3286,GGCACA,0.004076908342540264,2653,GACAGG,0.16692689061164856,False,False,True,0.0018658265471458435,GCGCAGAGGCGCCAGGACAGGCCCCCAGA
9,16,42,head_5,recovery,-0.0478515625,0.03463095426559448,3287,GGCACC,3.103515625,3286,GGCACA,3.146484375,3286,GGCACA,3.146484375,3287,GGCACC,0.0011466981377452612,3286,GGCACA,0.004375571850687265,2653,GACAGG,0.16071900725364685,False,False,True,-0.0011430159211158752,GCGCAGAGGCGCCAGGACAGGCCCCCAGA
9,17,42,head_5,recovery,-0.0361328125,0.09838157892227173,3287,GGCACC,3.1015625,3286,GGCACA,3.140625,3286,GGCACA,3.140625,3287,GGCACC,0.0011511651100590825,3286,GGCACA,0.004298070445656776,2653,GACAGG,0.15940454602241516,False,False,True,0.002511732280254364,GCGCAGAGGCGCCAGGACAGGCCCCCAGA
9,18,42,head_5,recovery,-0.01171875,-0.02805006504058838,3287,GGCACC,3.12890625,3286,GGCACA,3.16015625,3286,GGCACA,3.16015625,3287,GGCACC,0.0012131065595895052,3286,GGCACA,0.0045225732028484344,2653,GACAGG,0.1568823754787445,False,False,True,0.003919549286365509,GCGCAGAGGCGCCAGGACAGGCCCCCAGA
9,19,42,head_5,recovery,-0.0302734375,-0.03761172294616699,3287,GGCACC,3.123046875,3286,GGCACA,3.16015625,3286,GGCACA,3.16015625,3287,GGCACC,0.0011921351542696357,3286,GGCACA,0.004513896070420742,2653,GACAGG,0.1568659543991089,False,False,True,0.003984026610851288,GCGCAGAGGCGCCAGGACAGGCCCCCAGA
9,20,42,head_5,recovery,-0.0361328125,0.06017565727233887,3287,GGCACC,3.12109375,3286,GGCACA,3.16015625,3286,GGCACA,3.16015625,3287,GGCACC,0.0011546306777745485,3286,GGCACA,0.004350659903138876,2653,GACAGG,0.15822681784629822,False,False,True,0.0025813281536102295,GCGCAGAGGCGCCAGGACAGGCCCCCAGA
9,21,42,head_5,recovery,-0.0185546875,0.04521852731704712,3287,GGCACC,3.109375,3286,GGCACA,3.142578125,3286,GGCACA,3.142578125,3287,GGCACC,0.001148094655945897,3286,GGCACA,0.004363355226814747,2653,GACAGG,0.15734073519706726,False,False,True,-0.0007823407649993896,GCGCAGAGGCGCCAGGACAGGCCCCCAGA
9,22,42,head_5,recovery,-0.0361328125,0.015364587306976318,3287,GGCACC,3.12109375,3286,GGCACA,3.16015625,3286,GGCACA,3.16015625,3287,GGCACC,0.0011976822279393673,3286,GGCACA,0.004451327957212925,2653,GACAGG,0.15795698761940002,False,False,True,0.0015538930892944336,GCGCAGAGGCGCCAGGACAGGCCCCCAGA
9,23,42,head_5,recovery,-0.0185546875,-0.09063982963562012,3287,GGCACC,3.123046875,3286,GGCACA,3.15625,3286,GGCACA,3.15625,3287,GGCACC,0.001233501359820366,3286,GGCACA,0.004623443819582462,2653,GACAGG,0.1571546494960785,False,False,True,0.0009107515215873718,GCGCAGAGGCGCCAGGACAGGCCCCCAGA
9,24,42,head_5,recovery,-0.060546875,-0.16457843780517578,3287,GGCACC,3.12890625,3286,GGCACA,3.17578125,3286,GGCACA,3.17578125,3287,GGCACC,0.0012460914440453053,3286,GGCACA,0.0047311014495790005,2653,GACAGG,0.1550692319869995,False,False,True,0.0014844760298728943,GCGCAGAGGCGCCAGGACAGGCCCCCAGA
9,25,42,head_5,recovery,-0.01171875,-0.047392845153808594,3287,GGCACC,3.125,3286,GGCACA,3.15625,3286,GGCACA,3.15625,3287,GGCACC,0.0012007266050204635,3286,GGCACA,0.00453506363555789,2653,GACAGG,0.1562892198562622,False,False,True,0.00046744197607040405,GCGCAGAGGCGCCAGGACAGGCCCCCAGA
9,26,42,head_5,recovery,0.005859375,-0.10038900375366211,3287,GGCACC,3.134765625,3286,GGCACA,3.16015625,3286,GGCACA,3.16015625,3287,GGCACC,0.001234847237356007,3286,GGCACA,0.004637324716895819,2653,GACAGG,0.15450695157051086,False,False,True,-0.0004160851240158081,GCGCAGAGGCGCCAGGACAGGCCCCCAGA
9,27,42,head_5,recovery,0.01220703125,-0.056968092918395996,3287,GGCACC,3.13671875,3286,GGCACA,3.16015625,3286,GGCACA,3.16015625,3287,GGCACC,0.0012232373701408505,3286,GGCACA,0.004569885786622763,2653,GACAGG,0.15475453436374664,False,False,True,-0.0006139501929283142,GCGCAGAGGCGCCAGGACAGGCCCCCAGA
9,28,42,head_5,recovery,0.005859375,-0.02869272232055664,3287,GGCACC,3.12890625,3286,GGCACA,3.154296875,3286,GGCACA,3.154296875,3287,GGCACC,0.0012014413950964808,3286,GGCACA,0.0045117344707250595,2653,GACAGG,0.15585578978061676,False,False,True,-0.0017785429954528809,GCGCAGAGGCGCCAGGACAGGCCCCCAGA
9,29,42,head_5,recovery,-0.0185546875,0.016641199588775635,3287,GGCACC,3.107421875,3286,GGCACA,3.140625,3286,GGCACA,3.140625,3287,GGCACC,0.0011361460201442242,3286,GGCACA,0.004388150293380022,2653,GACAGG,0.15911856293678284,False,False,True,-6.171315908432007e-05,GCGCAGAGGCGCCAGGACAGGCCCCCAGA
9,30,42,head_5,recovery,-0.0302734375,-0.010785698890686035,3287,GGCACC,3.10546875,3286,GGCACA,3.142578125,3286,GGCACA,3.142578125,3287,GGCACC,0.001134876743890345,3286,GGCACA,0.004422145429998636,2653,GACAGG,0.1603928655385971,False,False,True,0.00036863237619400024,GCGCAGAGGCGCCAGGACAGGCCCCCAGA
9,31,42,head_5,recovery,0.0,0.040101826190948486,3287,GGCACC,3.11328125,3286,GGCACA,3.140625,3286,GGCACA,3.140625,3287,GGCACC,0.001140516484156251,3286,GGCACA,0.0043623559176921844,2653,GACAGG,0.16101540625095367,False,False,True,0.00024244189262390137,GCGCAGAGGCGCCAGGACAGGCCCCCAGA
9,32,42,head_5,recovery,-0.01171875,0.007056474685668945,3287,GGCACC,3.123046875,3286,GGCACA,3.154296875,3286,GGCACA,3.154296875,3287,GGCACC,0.0011665328638628125,3286,GGCACA,0.004430860746651888,2653,GACAGG,0.16003359854221344,False,False,True,-0.0005034655332565308,GCGCAGAGGCGCCAGGACAGGCCCCCAGA
10,0,42,head_5,recovery,0.01220703125,-0.002301931381225586,3287,GGCACC,3.1171875,3286,GGCACA,3.140625,3286,GGCACA,3.140625,3287,GGCACC,0.0011860397644340992,3286,GGCACA,0.004462400451302528,2653,GACAGG,0.15756414830684662,False,False,True,-0.0003191456198692322,GCGCAGAGGCGCCAGGACAGGCCCCCAGA
10,1,42,head_5,recovery,0.01220703125,-0.014775991439819336,3287,GGCACC,3.123046875,3286,GGCACA,3.146484375,3286,GGCACA,3.146484375,3287,GGCACC,0.0011928369058296084,3286,GGCACA,0.0044852364808321,2653,GACAGG,0.1583728790283203,False,False,True,-0.0006030723452568054,GCGCAGAGGCGCCAGGACAGGCCCCCAGA
10,2,42,head_5,recovery,0.005859375,-0.02630925178527832,3287,GGCACC,3.12109375,3286,GGCACA,3.146484375,3286,GGCACA,3.146484375,3287,GGCACC,0.0011959954863414168,3286,GGCACA,0.004503224045038223,2653,GACAGG,0.1568417102098465,False,False,True,-0.0006821900606155396,GCGCAGAGGCGCCAGGACAGGCCCCCAGA
10,3,42,head_5,recovery,0.01806640625,0.0034972429275512695,3287,GGCACC,3.123046875,3286,GGCACA,3.14453125,3286,GGCACA,3.14453125,3287,GGCACC,0.001194921089336276,3286,GGCACA,0.00446382537484169,2653,GACAGG,0.15751588344573975,False,False,True,-0.001858443021774292,GCGCAGAGGCGCCAGGACAGGCCCCCAGA
10,4,42,head_5,recovery,0.0,-0.0403515100479126,3287,GGCACC,3.125,3286,GGCACA,3.15234375,3286,GGCACA,3.15234375,3287,GGCACC,0.0011951084015890956,3286,GGCACA,0.004520392045378685,2653,GACAGG,0.1562931388616562,False,False,True,-0.0027094557881355286,GCGCAGAGGCGCCAGGACAGGCCCCCAGA
10,5,42,head_5,recovery,-0.01171875,-0.057016849517822266,3287,GGCACC,3.123046875,3286,GGCACA,3.154296875,3286,GGCACA,3.154296875,3287,GGCACC,0.0011996959801763296,3286,GGCACA,0.0045464071445167065,2653,GACAGG,0.15523329377174377,False,False,True,-0.003613084554672241,GCGCAGAGGCGCCAGGACAGGCCCCCAGA
10,6,42,head_5,recovery,-0.01171875,-0.018213868141174316,3287,GGCACC,3.12109375,3286,GGCACA,3.15234375,3286,GGCACA,3.15234375,3287,GGCACC,0.0011929746251553297,3286,GGCACA,0.004489794373512268,2653,GACAGG,0.15634770691394806,False,False,True,-0.0033750683069229126,GCGCAGAGGCGCCAGGACAGGCCCCCAGA
10,7,42,head_5,recovery,0.01220703125,0.06711786985397339,3287,GGCACC,3.123046875,3286,GGCACA,3.146484375,3286,GGCACA,3.146484375,3287,GGCACC,0.0011657968861982226,3286,GGCACA,0.0043529001995921135,2653,GACAGG,0.1573738157749176,False,False,True,-0.0028870925307273865,GCGCAGAGGCGCCAGGACAGGCCCCCAGA
10,8,42,head_5,recovery,0.0361328125,0.04883497953414917,3287,GGCACC,3.12890625,3286,GGCACA,3.14453125,3286,GGCACA,3.14453125,3287,GGCACC,0.001164681394584477,3286,GGCACA,0.0043752919882535934,2653,GACAGG,0.15859182178974152,False,False,True,-0.0011888742446899414,GCGCAGAGGCGCCAGGACAGGCCCCCAGA
10,9,42,head_5,recovery,0.02392578125,0.016946136951446533,3287,GGCACC,3.12890625,3286,GGCACA,3.1484375,3286,GGCACA,3.1484375,3287,GGCACC,0.0011731750564649701,3286,GGCACA,0.004424787126481533,2653,GACAGG,0.1562861204147339,False,False,True,-0.0014750435948371887,GCGCAGAGGCGCCAGGACAGGCCCCCAGA
10,10,42,head_5,recovery,-0.005859375,-0.054317474365234375,3287,GGCACC,3.1171875,3286,GGCACA,3.146484375,3286,GGCACA,3.146484375,3287,GGCACC,0.0011866511777043343,3286,GGCACA,0.004529891535639763,2653,GACAGG,0.15498831868171692,False,False,True,-0.0005152896046638489,GCGCAGAGGCGCCAGGACAGGCCCCCAGA
10,11,42,head_5,recovery,-0.01171875,0.006876826286315918,3287,GGCACC,3.1171875,3286,GGCACA,3.1484375,3286,GGCACA,3.1484375,3287,GGCACC,0.0011718495516106486,3286,GGCACA,0.004436408635228872,2653,GACAGG,0.15640518069267273,False,False,True,-0.0009723231196403503,GCGCAGAGGCGCCAGGACAGGCCCCCAGA
10,12,42,head_5,recovery,-0.005859375,-0.00597381591796875,3287,GGCACC,3.123046875,3286,GGCACA,3.15234375,3286,GGCACA,3.15234375,3287,GGCACC,0.0011638666037470102,3286,GGCACA,0.004444948397576809,2653,GACAGG,0.15812095999717712,False,False,True,-0.001424245536327362,GCGCAGAGGCGCCAGGACAGGCCCCCAGA
10,13,42,head_5,recovery,-0.0244140625,-0.03398847579956055,3287,GGCACC,3.12890625,3286,GGCACA,3.1640625,3286,GGCACA,3.1640625,3287,GGCACC,0.0011744087096303701,3286,GGCACA,0.004491510801017284,2653,GACAGG,0.15338464081287384,False,False,True,-0.00305890291929245,GCGCAGAGGCGCCAGGACAGGCCCCCAGA
10,14,42,head_5,recovery,-0.0244140625,-0.07205963134765625,3287,GGCACC,3.1328125,3286,GGCACA,3.16796875,3286,GGCACA,3.16796875,3287,GGCACC,0.0011827703565359116,3286,GGCACA,0.004548822995275259,2653,GACAGG,0.15171095728874207,False,False,True,-0.002989456057548523,GCGCAGAGGCGCCAGGACAGGCCCCCAGA
10,15,42,head_5,recovery,-0.0244140625,0.018251776695251465,3287,GGCACC,3.126953125,3286,GGCACA,3.162109375,3286,GGCACA,3.162109375,3287,GGCACC,0.001165873953141272,3286,GGCACA,0.004415807314217091,2653,GACAGG,0.15428127348423004,False,False,True,-0.0013227537274360657,GCGCAGAGGCGCCAGGACAGGCCCCCAGA
10,16,42,head_5,recovery,0.01220703125,0.20583760738372803,3287,GGCACC,3.12109375,3286,GGCACA,3.14453125,3286,GGCACA,3.14453125,3287,GGCACC,0.001086270553059876,3286,GGCACA,0.004095012787729502,2653,GACAGG,0.16469384729862213,False,False,True,-0.0002609044313430786,GCGCAGAGGCGCCAGGACAGGCCCCCAGA
10,17,42,head_5,recovery,0.0419921875,0.3292492628097534,3287,GGCACC,3.11328125,3286,GGCACA,3.126953125,3286,GGCACA,3.126953125,3287,GGCACC,0.001111688558012247,3286,GGCACA,0.003961752634495497,2653,GACAGG,0.16578012704849243,False,False,True,0.0009319856762886047,GCGCAGAGGCGCCAGGACAGGCCCCCAGA
10,18,42,head_5,recovery,0.005859375,0.20377326011657715,3287,GGCACC,3.123046875,3286,GGCACA,3.1484375,3286,GGCACA,3.1484375,3287,GGCACC,0.0011391666484996676,3286,GGCACA,0.004150563385337591,2653,GACAGG,0.15925948321819305,False,False,True,-3.0279159545898438e-05,GCGCAGAGGCGCCAGGACAGGCCCCCAGA
10,19,42,head_5,recovery,0.01806640625,0.08385902643203735,3287,GGCACC,3.1328125,3286,GGCACA,3.154296875,3286,GGCACA,3.154296875,3287,GGCACC,0.0012169815599918365,3286,GGCACA,0.004382559563964605,2653,GACAGG,0.15550008416175842,False,False,True,0.0009076893329620361,GCGCAGAGGCGCCAGGACAGGCCCCCAGA
10,20,42,head_5,recovery,0.0361328125,0.11315977573394775,3287,GGCACC,3.12109375,3286,GGCACA,3.13671875,3286,GGCACA,3.13671875,3287,GGCACC,0.00115996936801821,3286,GGCACA,0.0042878733947873116,2653,GACAGG,0.1580345630645752,False,False,True,0.00047241151332855225,GCGCAGAGGCGCCAGGACAGGCCCCCAGA
10,21,42,head_5,recovery,0.08447265625,0.19122344255447388,3287,GGCACC,3.115234375,3286,GGCACA,3.115234375,3286,GGCACA,3.115234375,3287,GGCACC,0.0011526712914928794,3286,GGCACA,0.004180204123258591,2653,GACAGG,0.16296248137950897,False,False,True,0.001039460301399231,GCGCAGAGGCGCCAGGACAGGCCCCCAGA
10,22,42,head_5,recovery,0.08447265625,0.16433799266815186,3287,GGCACC,3.11328125,3286,GGCACA,3.11328125,3286,GGCACA,3.11328125,3287,GGCACC,0.001149740070104599,3286,GGCACA,0.0042118411511182785,2653,GACAGG,0.1642935872077942,False,False,True,0.00031644850969314575,GCGCAGAGGCGCCAGGACAGGCCCCCAGA
10,23,42,head_5,recovery,0.02392578125,0.005572319030761719,3287,GGCACC,3.125,3286,GGCACA,3.14453125,3286,GGCACA,3.14453125,3287,GGCACC,0.0011790390126407146,3286,GGCACA,0.004445275291800499,2653,GACAGG,0.16033388674259186,False,False,True,-0.00016508996486663818,GCGCAGAGGCGCCAGGACAGGCCCCCAGA
10,24,42,head_5,recovery,0.02392578125,0.0166165828704834,3287,GGCACC,3.1328125,3286,GGCACA,3.15234375,3286,GGCACA,3.15234375,3287,GGCACC,0.0011818697676062584,3286,GGCACA,0.004433905705809593,2653,GACAGG,0.1616731882095337,False,False,True,-0.00022664666175842285,GCGCAGAGGCGCCAGGACAGGCCCCCAGA
10,25,42,head_5,recovery,-0.005859375,0.0017981529235839844,3287,GGCACC,3.125,3286,GGCACA,3.154296875,3286,GGCACA,3.154296875,3287,GGCACC,0.0011839837534353137,3286,GGCACA,0.004455072805285454,2653,GACAGG,0.15803679823875427,False,False,True,0.0002488940954208374,GCGCAGAGGCGCCAGGACAGGCCCCCAGA
10,26,42,head_5,recovery,0.01220703125,0.02261495590209961,3287,GGCACC,3.1328125,3286,GGCACA,3.15625,3286,GGCACA,3.15625,3287,GGCACC,0.0011627764906734228,3286,GGCACA,0.004407099913805723,2653,GACAGG,0.15959616005420685,False,False,True,0.005230255424976349,GCGCAGAGGCGCCAGGACAGGCCCCCAGA
10,27,42,head_5,recovery,0.01806640625,0.030225157737731934,3287,GGCACC,3.140625,3286,GGCACA,3.162109375,3286,GGCACA,3.162109375,3287,GGCACC,0.0011562707368284464,3286,GGCACA,0.004390809219330549,2653,GACAGG,0.1600455790758133,False,False,True,0.0041536614298820496,GCGCAGAGGCGCCAGGACAGGCCCCCAGA
10,28,42,head_5,recovery,0.005859375,-0.004386544227600098,3287,GGCACC,3.134765625,3286,GGCACA,3.16015625,3286,GGCACA,3.16015625,3287,GGCACC,0.0011528379982337356,3286,GGCACA,0.00443187914788723,2653,GACAGG,0.16009479761123657,False,False,True,0.0037429630756378174,GCGCAGAGGCGCCAGGACAGGCCCCCAGA
10,29,42,head_5,recovery,0.02392578125,0.02587050199508667,3287,GGCACC,3.126953125,3286,GGCACA,3.146484375,3286,GGCACA,3.146484375,3287,GGCACC,0.0011678950395435095,3286,GGCACA,0.004408032633364201,2653,GACAGG,0.1595909595489502,False,False,True,-0.001720711588859558,GCGCAGAGGCGCCAGGACAGGCCCCCAGA
10,30,42,head_5,recovery,0.0,-0.015302658081054688,3287,GGCACC,3.1171875,3286,GGCACA,3.14453125,3286,GGCACA,3.14453125,3287,GGCACC,0.0011777086183428764,3286,GGCACA,0.0044707851484417915,2653,GACAGG,0.15854819118976593,False,False,True,-0.0016233846545219421,GCGCAGAGGCGCCAGGACAGGCCCCCAGA
10,31,42,head_5,recovery,0.01806640625,0.030417680740356445,3287,GGCACC,3.12109375,3286,GGCACA,3.142578125,3286,GGCACA,3.142578125,3287,GGCACC,0.001180300023406744,3286,GGCACA,0.004414591006934643,2653,GACAGG,0.15824618935585022,False,False,True,-0.0013315901160240173,GCGCAGAGGCGCCAGGACAGGCCCCCAGA
10,32,42,head_5,recovery,0.01806640625,0.0483778715133667,3287,GGCACC,3.123046875,3286,GGCACA,3.14453125,3286,GGCACA,3.14453125,3287,GGCACC,0.0011689728125929832,3286,GGCACA,0.004380171187222004,2653,GACAGG,0.16069410741329193,False,False,True,0.000598810613155365,GCGCAGAGGCGCCAGGACAGGCCCCCAGA
11,0,42,head_5,recovery,-0.01171875,-0.007641315460205078,3287,GGCACC,3.11328125,3286,GGCACA,3.14453125,3286,GGCACA,3.14453125,3287,GGCACC,0.001178012345917523,3286,GGCACA,0.004461238160729408,2653,GACAGG,0.157741978764534,False,False,True,0.00026039034128189087,GCGCAGAGGCGCCAGGACAGGCCCCCAGA
11,1,42,head_5,recovery,-0.005859375,-0.0073659420013427734,3287,GGCACC,3.1171875,3286,GGCACA,3.146484375,3286,GGCACA,3.146484375,3287,GGCACC,0.0011794741731137037,3286,GGCACA,0.004462345968931913,2653,GACAGG,0.1580076366662979,False,False,True,0.000645078718662262,GCGCAGAGGCGCCAGGACAGGCCCCCAGA
11,2,42,head_5,recovery,-0.0185546875,-0.023622870445251465,3287,GGCACC,3.115234375,3286,GGCACA,3.1484375,3286,GGCACA,3.1484375,3287,GGCACC,0.001187796937301755,3286,GGCACA,0.004491571336984634,2653,GACAGG,0.15680629014968872,False,False,True,-0.000976748764514923,GCGCAGAGGCGCCAGGACAGGCCCCCAGA
11,3,42,head_5,recovery,-0.005859375,0.0034000277519226074,3287,GGCACC,3.115234375,3286,GGCACA,3.14453125,3286,GGCACA,3.14453125,3287,GGCACC,0.0011712908744812012,3286,GGCACA,0.004440320190042257,2653,GACAGG,0.15691614151000977,False,False,True,-0.0017276853322982788,GCGCAGAGGCGCCAGGACAGGCCCCCAGA
11,4,42,head_5,recovery,0.005859375,-0.0022335052490234375,3287,GGCACC,3.12109375,3286,GGCACA,3.146484375,3286,GGCACA,3.146484375,3287,GGCACC,0.0011880312813445926,3286,GGCACA,0.004464304074645042,2653,GACAGG,0.1568085253238678,False,False,True,-0.0016721859574317932,GCGCAGAGGCGCCAGGACAGGCCCCCAGA
11,5,42,head_5,recovery,-0.005859375,0.016534388065338135,3287,GGCACC,3.1171875,3286,GGCACA,3.146484375,3286,GGCACA,3.146484375,3287,GGCACC,0.0011713948333635926,3286,GGCACA,0.0044235363602638245,2653,GACAGG,0.15745775401592255,False,False,True,8.036196231842041e-05,GCGCAGAGGCGCCAGGACAGGCCCCCAGA
11,6,42,head_5,recovery,0.02392578125,0.016864299774169922,3287,GGCACC,3.125,3286,GGCACA,3.14453125,3286,GGCACA,3.14453125,3287,GGCACC,0.0011934805661439896,3286,GGCACA,0.004445197992026806,2653,GACAGG,0.15870516002178192,False,False,True,0.0010659024119377136,GCGCAGAGGCGCCAGGACAGGCCCCCAGA
11,7,42,head_5,recovery,0.01806640625,0.010014832019805908,3287,GGCACC,3.125,3286,GGCACA,3.146484375,3286,GGCACA,3.146484375,3287,GGCACC,0.0011929513420909643,3286,GGCACA,0.004453475587069988,2653,GACAGG,0.1583421528339386,False,False,True,0.0005091950297355652,GCGCAGAGGCGCCAGGACAGGCCCCCAGA
11,8,42,head_5,recovery,0.0,-0.018529057502746582,3287,GGCACC,3.126953125,3286,GGCACA,3.154296875,3286,GGCACA,3.154296875,3287,GGCACC,0.0011887431610375643,3286,GGCACA,0.00448596803471446,2653,GACAGG,0.1581765115261078,False,False,True,0.00023771077394485474,GCGCAGAGGCGCCAGGACAGGCCCCCAGA
11,9,42,head_5,recovery,0.005859375,-0.015631794929504395,3287,GGCACC,3.12109375,3286,GGCACA,3.146484375,3286,GGCACA,3.146484375,3287,GGCACC,0.0011852335883304477,3286,GGCACA,0.004478733520954847,2653,GACAGG,0.15730814635753632,False,False,True,-0.0008905231952667236,GCGCAGAGGCGCCAGGACAGGCCCCCAGA
11,10,42,head_5,recovery,0.0,-0.004663586616516113,3287,GGCACC,3.125,3286,GGCACA,3.15234375,3286,GGCACA,3.15234375,3287,GGCACC,0.0011823158711194992,3286,GGCACA,0.004461713135242462,2653,GACAGG,0.1578599065542221,False,False,True,-0.0004321262240409851,GCGCAGAGGCGCCAGGACAGGCCCCCAGA
11,11,42,head_5,recovery,0.0302734375,0.09697997570037842,3287,GGCACC,3.125,3286,GGCACA,3.142578125,3286,GGCACA,3.142578125,3287,GGCACC,0.0011722141643986106,3286,GGCACA,0.004320921842008829,2653,GACAGG,0.15841889381408691,False,False,True,-0.00191507488489151,GCGCAGAGGCGCCAGGACAGGCCCCCAGA
11,12,42,head_5,recovery,0.01806640625,0.10246086120605469,3287,GGCACC,3.12109375,3286,GGCACA,3.142578125,3286,GGCACA,3.142578125,3287,GGCACC,0.0011635369155555964,3286,GGCACA,0.004305197391659021,2653,GACAGG,0.15872392058372498,False,False,True,-0.0009347051382064819,GCGCAGAGGCGCCAGGACAGGCCCCCAGA
11,13,42,head_5,recovery,0.01806640625,0.13796460628509521,3287,GGCACC,3.123046875,3286,GGCACA,3.14453125,3286,GGCACA,3.14453125,3287,GGCACC,0.001149632502347231,3286,GGCACA,0.004245643503963947,2653,GACAGG,0.15888655185699463,False,False,True,-0.0017875880002975464,GCGCAGAGGCGCCAGGACAGGCCCCCAGA
11,14,42,head_5,recovery,-0.0185546875,0.008826911449432373,3287,GGCACC,3.115234375,3286,GGCACA,3.1484375,3286,GGCACA,3.1484375,3287,GGCACC,0.0011699541937559843,3286,GGCACA,0.004432005807757378,2653,GACAGG,0.15749704837799072,False,False,True,-0.00016664713621139526,GCGCAGAGGCGCCAGGACAGGCCCCCAGA
11,15,42,head_5,recovery,-0.0244140625,0.0756838321685791,3287,GGCACC,3.1015625,3286,GGCACA,3.13671875,3286,GGCACA,3.13671875,3287,GGCACC,0.0011646536877378821,3286,GGCACA,0.00434074318036437,2653,GACAGG,0.1563248485326767,False,False,True,-0.00047775357961654663,GCGCAGAGGCGCCAGGACAGGCCCCCAGA
11,16,42,head_5,recovery,-0.083984375,-0.21934890747070312,3287,GGCACC,3.1015625,3286,GGCACA,3.15625,3286,GGCACA,3.15625,3287,GGCACC,0.001308852224610746,3286,GGCACA,0.004864284303039312,2653,GACAGG,0.13753554224967957,False,False,True,-0.005461558699607849,GCGCAGAGGCGCCAGGACAGGCCCCCAGA
11,17,42,head_5,recovery,-0.0361328125,-0.28215599060058594,3287,GGCACC,3.13671875,3286,GGCACA,3.17578125,3286,GGCACA,3.17578125,3287,GGCACC,0.0013731728540733457,3286,GGCACA,0.005009359680116177,2653,GACAGG,0.13883230090141296,False,False,True,-0.004681676626205444,GCGCAGAGGCGCCAGGACAGGCCCCCAGA
11,18,42,head_5,recovery,-0.0302734375,-0.3684048652648926,3287,GGCACC,3.15625,3286,GGCACA,3.193359375,3286,GGCACA,3.193359375,3287,GGCACC,0.0013813922414556146,3286,GGCACA,0.005128474906086922,2653,GACAGG,0.13962922990322113,False,False,True,-0.0045003741979599,GCGCAGAGGCGCCAGGACAGGCCCCCAGA
11,19,42,head_5,recovery,0.02392578125,-0.17849469184875488,3287,GGCACC,3.1171875,3286,GGCACA,3.13671875,3286,GGCACA,3.13671875,3287,GGCACC,0.0012448132038116455,3286,GGCACA,0.004747716244310141,2653,GACAGG,0.14892564713954926,False,False,True,-0.0026375800371170044,GCGCAGAGGCGCCAGGACAGGCCCCCAGA
11,20,42,head_5,recovery,-0.005859375,0.010165870189666748,3287,GGCACC,3.078125,3286,GGCACA,3.107421875,3286,GGCACA,3.107421875,3287,GGCACC,0.0011472294572740793,3286,GGCACA,0.004407559521496296,2653,GACAGG,0.15042127668857574,False,False,True,-0.003055177628993988,GCGCAGAGGCGCCAGGACAGGCCCCCAGA
11,21,42,head_5,recovery,-0.0419921875,-0.06770634651184082,3287,GGCACC,3.08203125,3286,GGCACA,3.123046875,3286,GGCACA,3.123046875,3287,GGCACC,0.0011640092125162482,3286,GGCACA,0.0045244647189974785,2653,GACAGG,0.1480025053024292,False,False,True,-0.002873934805393219,GCGCAGAGGCGCCAGGACAGGCCCCCAGA
11,22,42,head_5,recovery,-0.0419921875,0.03422003984451294,3287,GGCACC,3.115234375,3286,GGCACA,3.15625,3286,GGCACA,3.15625,3287,GGCACC,0.0011476684594526887,3286,GGCACA,0.004377070348709822,2653,GACAGG,0.15731114149093628,False,False,True,0.0003316625952720642,GCGCAGAGGCGCCAGGACAGGCCCCCAGA
11,23,42,head_5,recovery,-0.0419921875,-0.01698613166809082,3287,GGCACC,3.123046875,3286,GGCACA,3.1640625,3286,GGCACA,3.1640625,3287,GGCACC,0.0011668617371469736,3286,GGCACA,0.004462102893739939,2653,GACAGG,0.15633708238601685,False,False,True,0.0003618672490119934,GCGCAGAGGCGCCAGGACAGGCCCCCAGA
11,24,42,head_5,recovery,-0.01171875,0.04265403747558594,3287,GGCACC,3.115234375,3286,GGCACA,3.146484375,3286,GGCACA,3.146484375,3287,GGCACC,0.001161056337878108,3286,GGCACA,0.004379614256322384,2653,GACAGG,0.15744580328464508,False,False,True,-0.0003863722085952759,GCGCAGAGGCGCCAGGACAGGCCCCCAGA
11,25,42,head_5,recovery,-0.005859375,0.003880798816680908,3287,GGCACC,3.125,3286,GGCACA,3.154296875,3286,GGCACA,3.154296875,3287,GGCACC,0.0011758876498788595,3286,GGCACA,0.004444298800081015,2653,GACAGG,0.15794113278388977,False,False,True,-0.00024141371250152588,GCGCAGAGGCGCCAGGACAGGCCCCCAGA
11,26,42,head_5,recovery,-0.005859375,0.015852749347686768,3287,GGCACC,3.1171875,3286,GGCACA,3.146484375,3286,GGCACA,3.146484375,3287,GGCACC,0.00117190508171916,3286,GGCACA,0.004424923099577427,2653,GACAGG,0.1576537936925888,False,False,True,-0.000146426260471344,GCGCAGAGGCGCCAGGACAGGCCCCCAGA
11,27,42,head_5,recovery,-0.01171875,-0.011849522590637207,3287,GGCACC,3.123046875,3286,GGCACA,3.154296875,3286,GGCACA,3.154296875,3287,GGCACC,0.0011720850598067045,3286,GGCACA,0.004460721742361784,2653,GACAGG,0.15922780334949493,False,False,True,-0.0005366504192352295,GCGCAGAGGCGCCAGGACAGGCCCCCAGA
11,28,42,head_5,recovery,-0.0185546875,0.023986876010894775,3287,GGCACC,3.115234375,3286,GGCACA,3.1484375,3286,GGCACA,3.1484375,3287,GGCACC,0.0011514395009726286,3286,GGCACA,0.004393998999148607,2653,GACAGG,0.15959346294403076,False,False,True,-5.393475294113159e-05,GCGCAGAGGCGCCAGGACAGGCCCCCAGA
11,29,42,head_5,recovery,-0.0302734375,0.01252281665802002,3287,GGCACC,3.107421875,3286,GGCACA,3.14453125,3286,GGCACA,3.14453125,3287,GGCACC,0.0011434953194111586,3286,GGCACA,0.004400794859975576,2653,GACAGG,0.15790095925331116,False,False,True,-0.0005944818258285522,GCGCAGAGGCGCCAGGACAGGCCCCCAGA
11,30,42,head_5,recovery,-0.0244140625,-0.0063629150390625,3287,GGCACC,3.11328125,3286,GGCACA,3.1484375,3286,GGCACA,3.1484375,3287,GGCACC,0.001159555627964437,3286,GGCACA,0.00444113789126277,2653,GACAGG,0.15738390386104584,False,False,True,-0.00017964094877243042,GCGCAGAGGCGCCAGGACAGGCCCCCAGA
11,31,42,head_5,recovery,-0.01171875,-0.015610098838806152,3287,GGCACC,3.11328125,3286,GGCACA,3.14453125,3286,GGCACA,3.14453125,3287,GGCACC,0.0011769476113840938,3286,GGCACA,0.004470419604331255,2653,GACAGG,0.15657828748226166,False,False,True,-0.00010158121585845947,GCGCAGAGGCGCCAGGACAGGCCCCCAGA
11,32,42,head_5,recovery,-0.005859375,-0.018457651138305664,3287,GGCACC,3.11328125,3286,GGCACA,3.142578125,3286,GGCACA,3.142578125,3287,GGCACC,0.0011553100775927305,3286,GGCACA,0.004452443215996027,2653,GACAGG,0.16165202856063843,False,False,True,0.0014565512537956238,GCGCAGAGGCGCCAGGACAGGCCCCCAGA
12,0,42,head_5,recovery,-0.005859375,-0.0019251108169555664,3287,GGCACC,3.1171875,3286,GGCACA,3.146484375,3286,GGCACA,3.146484375,3287,GGCACC,0.001173768425360322,3286,GGCACA,0.0044496445916593075,2653,GACAGG,0.1586531698703766,False,False,True,-2.3379921913146973e-05,GCGCAGAGGCGCCAGGACAGGCCCCCAGA
12,1,42,head_5,recovery,0.0,-0.010146856307983398,3287,GGCACC,3.1171875,3286,GGCACA,3.14453125,3286,GGCACA,3.14453125,3287,GGCACC,0.0011773851001635194,3286,GGCACA,0.004463832359761,2653,GACAGG,0.15853124856948853,False,False,True,1.7113983631134033e-05,GCGCAGAGGCGCCAGGACAGGCCCCCAGA
12,2,42,head_5,recovery,-0.01171875,-0.020350337028503418,3287,GGCACC,3.115234375,3286,GGCACA,3.146484375,3286,GGCACA,3.146484375,3287,GGCACC,0.0011719006579369307,3286,GGCACA,0.004471467342227697,2653,GACAGG,0.15798792243003845,False,False,True,-3.808736801147461e-05,GCGCAGAGGCGCCAGGACAGGCCCCCAGA
12,3,42,head_5,recovery,-0.01171875,-0.003220081329345703,3287,GGCACC,3.11328125,3286,GGCACA,3.14453125,3286,GGCACA,3.14453125,3287,GGCACC,0.001160666230134666,3286,GGCACA,0.004438207484781742,2653,GACAGG,0.15841689705848694,False,False,True,0.0008163228631019592,GCGCAGAGGCGCCAGGACAGGCCCCCAGA
12,4,42,head_5,recovery,-0.005859375,-0.009334802627563477,3287,GGCACC,3.115234375,3286,GGCACA,3.14453125,3286,GGCACA,3.14453125,3287,GGCACC,0.0011636428534984589,3286,GGCACA,0.004449046216905117,2653,GACAGG,0.15818949043750763,False,False,True,0.0005789399147033691,GCGCAGAGGCGCCAGGACAGGCCCCCAGA
12,5,42,head_5,recovery,0.0,0.040635883808135986,3287,GGCACC,3.11328125,3286,GGCACA,3.140625,3286,GGCACA,3.140625,3287,GGCACC,0.0011505321599543095,3286,GGCACA,0.004371684975922108,2653,GACAGG,0.1587732881307602,False,False,True,0.00013884902000427246,GCGCAGAGGCGCCAGGACAGGCCCCCAGA
12,6,42,head_5,recovery,0.0,0.04099243879318237,3287,GGCACC,3.115234375,3286,GGCACA,3.142578125,3286,GGCACA,3.142578125,3287,GGCACC,0.0011581678409129381,3286,GGCACA,0.004378862213343382,2653,GACAGG,0.15923792123794556,False,False,True,-0.0004116371273994446,GCGCAGAGGCGCCAGGACAGGCCCCCAGA
12,7,42,head_5,recovery,0.005859375,0.024161219596862793,3287,GGCACC,3.13671875,3286,GGCACA,3.162109375,3286,GGCACA,3.162109375,3287,GGCACC,0.0011696581495925784,3286,GGCACA,0.00441199354827404,2653,GACAGG,0.1555183082818985,False,False,True,-0.0044456347823143005,GCGCAGAGGCGCCAGGACAGGCCCCCAGA
12,8,42,head_5,recovery,0.0,-0.03860950469970703,3287,GGCACC,3.1328125,3286,GGCACA,3.16015625,3286,GGCACA,3.16015625,3287,GGCACC,0.0011978275142610073,3286,GGCACA,0.004520871210843325,2653,GACAGG,0.1541307270526886,False,False,True,-0.0029007047414779663,GCGCAGAGGCGCCAGGACAGGCCCCCAGA
12,9,42,head_5,recovery,0.0,-0.02492237091064453,3287,GGCACC,3.134765625,3286,GGCACA,3.162109375,3286,GGCACA,3.162109375,3287,GGCACC,0.0012027055490761995,3286,GGCACA,0.004508150741457939,2653,GACAGG,0.15360796451568604,False,False,True,-0.0027099624276161194,GCGCAGAGGCGCCAGGACAGGCCCCCAGA
12,10,42,head_5,recovery,0.005859375,-0.04074275493621826,3287,GGCACC,3.1171875,3286,GGCACA,3.142578125,3286,GGCACA,3.142578125,3287,GGCACC,0.0012173360446467996,3286,GGCACA,0.004543122369796038,2653,GACAGG,0.15609939396381378,False,False,True,0.0015378445386886597,GCGCAGAGGCGCCAGGACAGGCCCCCAGA
12,11,42,head_5,recovery,0.005859375,-0.05434572696685791,3287,GGCACC,3.12109375,3286,GGCACA,3.146484375,3286,GGCACA,3.146484375,3287,GGCACC,0.00120429543312639,3286,GGCACA,0.00454757222905755,2653,GACAGG,0.15682314336299896,False,False,True,-0.001059502363204956,GCGCAGAGGCGCCAGGACAGGCCCCCAGA
12,12,42,head_5,recovery,0.0,-0.08794212341308594,3287,GGCACC,3.125,3286,GGCACA,3.15234375,3286,GGCACA,3.15234375,3287,GGCACC,0.00120157387573272,3286,GGCACA,0.004588047508150339,2653,GACAGG,0.15685120224952698,False,False,True,-0.0012986883521080017,GCGCAGAGGCGCCAGGACAGGCCCCCAGA
12,13,42,head_5,recovery,0.0,-0.12734627723693848,3287,GGCACC,3.12890625,3286,GGCACA,3.15625,3286,GGCACA,3.15625,3287,GGCACC,0.0012401890708133578,3286,GGCACA,0.00467732734978199,2653,GACAGG,0.15392079949378967,False,False,True,-0.000494055449962616,GCGCAGAGGCGCCAGGACAGGCCCCCAGA
12,14,42,head_5,recovery,-0.0244140625,-0.04969596862792969,3287,GGCACC,3.126953125,3286,GGCACA,3.162109375,3286,GGCACA,3.162109375,3287,GGCACC,0.001183000160381198,3286,GGCACA,0.004520298447459936,2653,GACAGG,0.1560610979795456,False,False,True,2.3171305656433105e-05,GCGCAGAGGCGCCAGGACAGGCCCCCAGA
12,15,42,head_5,recovery,-0.0361328125,0.06340187788009644,3287,GGCACC,3.10546875,3286,GGCACA,3.14453125,3286,GGCACA,3.14453125,3287,GGCACC,0.0011070503387600183,3286,GGCACA,0.0042989314533770084,2653,GACAGG,0.15871556103229523,False,False,True,0.0003103315830230713,GCGCAGAGGCGCCAGGACAGGCCCCCAGA
12,16,42,head_5,recovery,-0.0419921875,0.13303643465042114,3287,GGCACC,3.10546875,3286,GGCACA,3.146484375,3286,GGCACA,3.146484375,3287,GGCACC,0.0010741197038441896,3286,GGCACA,0.004176467191427946,2653,GACAGG,0.16084137558937073,False,False,True,-0.0005384832620620728,GCGCAGAGGCGCCAGGACAGGCCCCCAGA
12,17,42,head_5,recovery,0.01220703125,0.2192973494529724,3287,GGCACC,3.12109375,3286,GGCACA,3.14453125,3286,GGCACA,3.14453125,3287,GGCACC,0.0010930856224149466,3286,GGCACA,0.004084521904587746,2653,GACAGG,0.16320258378982544,False,False,True,-0.0008594617247581482,GCGCAGAGGCGCCAGGACAGGCCCCCAGA
12,18,42,head_5,recovery,0.05419921875,0.1894237995147705,3287,GGCACC,3.1328125,3286,GGCACA,3.142578125,3286,GGCACA,3.142578125,3287,GGCACC,0.001155523001216352,3286,GGCACA,0.0041853697039186954,2653,GACAGG,0.16190151870250702,False,False,True,-0.0010612905025482178,GCGCAGAGGCGCCAGGACAGGCCCCCAGA
12,19,42,head_5,recovery,0.01806640625,0.13652080297470093,3287,GGCACC,3.14453125,3286,GGCACA,3.166015625,3286,GGCACA,3.166015625,3287,GGCACC,0.0011568681802600622,3286,GGCACA,0.004254735540598631,2653,GACAGG,0.16334135830402374,False,False,True,-0.00036056339740753174,GCGCAGAGGCGCCAGGACAGGCCCCCAGA
12,20,42,head_5,recovery,-0.005859375,0.055316269397735596,3287,GGCACC,3.13671875,3286,GGCACA,3.166015625,3286,GGCACA,3.166015625,3287,GGCACC,0.0011664777994155884,3286,GGCACA,0.004368755035102367,2653,GACAGG,0.15975522994995117,False,False,True,0.000970982015132904,GCGCAGAGGCGCCAGGACAGGCCCCCAGA
12,21,42,head_5,recovery,-0.01171875,0.05703604221343994,3287,GGCACC,3.13671875,3286,GGCACA,3.16796875,3286,GGCACA,3.16796875,3287,GGCACC,0.0011738131288439035,3286,GGCACA,0.004373879171907902,2653,GACAGG,0.15886268019676208,False,False,True,0.001445084810256958,GCGCAGAGGCGCCAGGACAGGCCCCCAGA
12,22,42,head_5,recovery,0.0302734375,0.04489165544509888,3287,GGCACC,3.134765625,3286,GGCACA,3.15234375,3286,GGCACA,3.15234375,3287,GGCACC,0.0011921467958018184,3286,GGCACA,0.004407827742397785,2653,GACAGG,0.15302802622318268,False,False,True,-0.0007549896836280823,GCGCAGAGGCGCCAGGACAGGCCCCCAGA
12,23,42,head_5,recovery,0.005859375,-0.006340503692626953,3287,GGCACC,3.134765625,3286,GGCACA,3.16015625,3286,GGCACA,3.16015625,3287,GGCACC,0.001191853079944849,3286,GGCACA,0.004473406355828047,2653,GACAGG,0.1544256955385208,False,False,True,-0.0012346208095550537,GCGCAGAGGCGCCAGGACAGGCCCCCAGA
12,24,42,head_5,recovery,-0.005859375,-0.02279806137084961,3287,GGCACC,3.123046875,3286,GGCACA,3.15234375,3286,GGCACA,3.15234375,3287,GGCACC,0.001182305975817144,3286,GGCACA,0.004485019948333502,2653,GACAGG,0.15369442105293274,False,False,True,-0.0015168115496635437,GCGCAGAGGCGCCAGGACAGGCCCCCAGA
12,25,42,head_5,recovery,-0.005859375,-0.029587626457214355,3287,GGCACC,3.1171875,3286,GGCACA,3.146484375,3286,GGCACA,3.146484375,3287,GGCACC,0.001186660025268793,3286,GGCACA,0.004498103633522987,2653,GACAGG,0.15715418756008148,False,False,True,0.0008156076073646545,GCGCAGAGGCGCCAGGACAGGCCCCCAGA
12,26,42,head_5,recovery,-0.0185546875,-0.07489681243896484,3287,GGCACC,3.115234375,3286,GGCACA,3.1484375,3286,GGCACA,3.1484375,3287,GGCACC,0.0011838081991299987,3286,GGCACA,0.004553508944809437,2653,GACAGG,0.15833677351474762,False,False,True,-7.843226194381714e-05,GCGCAGAGGCGCCAGGACAGGCCCCCAGA
12,27,42,head_5,recovery,-0.01171875,-0.06580865383148193,3287,GGCACC,3.115234375,3286,GGCACA,3.146484375,3286,GGCACA,3.146484375,3287,GGCACC,0.001190442475490272,3286,GGCACA,0.00454845791682601,2653,GACAGG,0.15867599844932556,False,False,True,-8.834898471832275e-05,GCGCAGAGGCGCCAGGACAGGCCCCCAGA
12,28,42,head_5,recovery,-0.0185546875,-0.06412959098815918,3287,GGCACC,3.109375,3286,GGCACA,3.142578125,3286,GGCACA,3.142578125,3287,GGCACC,0.001177681260742247,3286,GGCACA,0.0045335376635193825,2653,GACAGG,0.15841393172740936,False,False,True,-0.0006184279918670654,GCGCAGAGGCGCCAGGACAGGCCCCCAGA
12,29,42,head_5,recovery,-0.0185546875,0.009346246719360352,3287,GGCACC,3.107421875,3286,GGCACA,3.140625,3286,GGCACA,3.140625,3287,GGCACC,0.0011601375881582499,3286,GGCACA,0.004421521443873644,2653,GACAGG,0.1580984890460968,False,False,True,0.00033896416425704956,GCGCAGAGGCGCCAGGACAGGCCCCCAGA
12,30,42,head_5,recovery,-0.01171875,0.020456433296203613,3287,GGCACC,3.10546875,3286,GGCACA,3.13671875,3286,GGCACA,3.13671875,3287,GGCACC,0.0011555103119462729,3286,GGCACA,0.004402609076350927,2653,GACAGG,0.1574775129556656,False,False,True,-0.0005236119031906128,GCGCAGAGGCGCCAGGACAGGCCCCCAGA
12,31,42,head_5,recovery,-0.005859375,0.025164425373077393,3287,GGCACC,3.107421875,3286,GGCACA,3.13671875,3286,GGCACA,3.13671875,3287,GGCACC,0.0011561521096155047,3286,GGCACA,0.004397197626531124,2653,GACAGG,0.15905055403709412,False,False,True,-0.00045421719551086426,GCGCAGAGGCGCCAGGACAGGCCCCCAGA
12,32,42,head_5,recovery,0.01220703125,-0.0013246536254882812,3287,GGCACC,3.11328125,3286,GGCACA,3.13671875,3286,GGCACA,3.13671875,3287,GGCACC,0.001169075956568122,3286,GGCACA,0.004444180056452751,2653,GACAGG,0.1593044251203537,False,False,True,-0.001086018979549408,GCGCAGAGGCGCCAGGACAGGCCCCCAGA
13,0,42,head_5,recovery,0.005859375,0.01917201280593872,3287,GGCACC,3.123046875,3286,GGCACA,3.1484375,3286,GGCACA,3.1484375,3287,GGCACC,0.0011749211698770523,3286,GGCACA,0.004423671402037144,2653,GACAGG,0.15877020359039307,False,False,True,-0.0004478469491004944,GCGCAGAGGCGCCAGGACAGGCCCCCAGA
13,1,42,head_5,recovery,0.005859375,0.016720175743103027,3287,GGCACC,3.123046875,3286,GGCACA,3.1484375,3286,GGCACA,3.1484375,3287,GGCACC,0.0011777979088947177,3286,GGCACA,0.004429700784385204,2653,GACAGG,0.15836437046527863,False,False,True,-0.0015229657292366028,GCGCAGAGGCGCCAGGACAGGCCCCCAGA
13,2,42,head_5,recovery,-0.005859375,-1.1563301086425781e-05,3287,GGCACC,3.123046875,3286,GGCACA,3.15234375,3286,GGCACA,3.15234375,3287,GGCACC,0.0011764428345486522,3286,GGCACA,0.004449858795851469,2653,GACAGG,0.1585373878479004,False,False,True,-0.0012214332818984985,GCGCAGAGGCGCCAGGACAGGCCCCCAGA
13,3,42,head_5,recovery,0.005859375,0.00891202688217163,3287,GGCACC,3.12109375,3286,GGCACA,3.146484375,3286,GGCACA,3.146484375,3287,GGCACC,0.0011770243290811777,3286,GGCACA,0.004438966512680054,2653,GACAGG,0.15826034545898438,False,False,True,-0.0016466155648231506,GCGCAGAGGCGCCAGGACAGGCCCCCAGA
13,4,42,head_5,recovery,0.0,0.01609218120574951,3287,GGCACC,3.1171875,3286,GGCACA,3.14453125,3286,GGCACA,3.14453125,3287,GGCACC,0.0011729379184544086,3286,GGCACA,0.004425648134201765,2653,GACAGG,0.15852396190166473,False,False,True,5.726516246795654e-05,GCGCAGAGGCGCCAGGACAGGCCCCCAGA
13,5,42,head_5,recovery,0.02392578125,0.05066573619842529,3287,GGCACC,3.125,3286,GGCACA,3.14453125,3286,GGCACA,3.14453125,3287,GGCACC,0.0011799888452515006,3286,GGCACA,0.00438824575394392,2653,GACAGG,0.15947934985160828,False,False,True,0.003078743815422058,GCGCAGAGGCGCCAGGACAGGCCCCCAGA
13,6,42,head_5,recovery,0.01806640625,0.047065019607543945,3287,GGCACC,3.123046875,3286,GGCACA,3.14453125,3286,GGCACA,3.14453125,3287,GGCACC,0.001183666754513979,3286,GGCACA,0.00439655315130949,2653,GACAGG,0.15908794105052948,False,False,True,0.0030965954065322876,GCGCAGAGGCGCCAGGACAGGCCCCCAGA
13,7,42,head_5,recovery,0.02392578125,0.029011189937591553,3287,GGCACC,3.12109375,3286,GGCACA,3.140625,3286,GGCACA,3.140625,3287,GGCACC,0.0011877978686243296,3286,GGCACA,0.004423897247761488,2653,GACAGG,0.15856042504310608,False,False,True,0.00294291228055954,GCGCAGAGGCGCCAGGACAGGCCCCCAGA
13,8,42,head_5,recovery,0.01806640625,0.00015628337860107422,3287,GGCACC,3.125,3286,GGCACA,3.146484375,3286,GGCACA,3.146484375,3287,GGCACC,0.0011929578613489866,3286,GGCACA,0.0044661578722298145,2653,GACAGG,0.15698617696762085,False,False,True,-0.0006266981363296509,GCGCAGAGGCGCCAGGACAGGCCCCCAGA
13,9,42,head_5,recovery,0.02392578125,-0.0058710575103759766,3287,GGCACC,3.125,3286,GGCACA,3.14453125,3286,GGCACA,3.14453125,3287,GGCACC,0.001197027857415378,3286,GGCACA,0.004477977752685547,2653,GACAGG,0.1571880280971527,False,False,True,-0.0003463923931121826,GCGCAGAGGCGCCAGGACAGGCCCCCAGA
13,10,42,head_5,recovery,0.0,-0.008141517639160156,3287,GGCACC,3.12109375,3286,GGCACA,3.1484375,3286,GGCACA,3.1484375,3287,GGCACC,0.0011859206715598702,3286,GGCACA,0.004469789564609528,2653,GACAGG,0.15887367725372314,False,False,True,-0.00044618546962738037,GCGCAGAGGCGCCAGGACAGGCCCCCAGA
13,11,42,head_5,recovery,-0.0185546875,0.010339856147766113,3287,GGCACC,3.11328125,3286,GGCACA,3.146484375,3286,GGCACA,3.146484375,3287,GGCACC,0.0011597070842981339,3286,GGCACA,0.004419813398271799,2653,GACAGG,0.15986371040344238,False,False,True,0.0007678642868995667,GCGCAGAGGCGCCAGGACAGGCCCCCAGA
13,12,42,head_5,recovery,0.005859375,0.020526528358459473,3287,GGCACC,3.126953125,3286,GGCACA,3.15234375,3286,GGCACA,3.15234375,3287,GGCACC,0.001167242880910635,3286,GGCACA,0.0044142515398561954,2653,GACAGG,0.15842002630233765,False,False,True,-0.0021111145615577698,GCGCAGAGGCGCCAGGACAGGCCCCCAGA
13,13,42,head_5,recovery,0.02392578125,-0.03008592128753662,3287,GGCACC,3.140625,3286,GGCACA,3.16015625,3286,GGCACA,3.16015625,3287,GGCACC,0.0012635880848392844,3286,GGCACA,0.004575672559440136,2653,GACAGG,0.15474730730056763,False,False,True,-0.004944302141666412,GCGCAGAGGCGCCAGGACAGGCCCCCAGA
13,14,42,head_5,recovery,0.0302734375,0.07077032327651978,3287,GGCACC,3.126953125,3286,GGCACA,3.14453125,3286,GGCACA,3.14453125,3287,GGCACC,0.0012328792363405228,3286,GGCACA,0.004415286239236593,2653,GACAGG,0.15532122552394867,False,False,True,-0.0050059035420417786,GCGCAGAGGCGCCAGGACAGGCCCCCAGA
13,15,42,head_5,recovery,0.0419921875,0.19697445631027222,3287,GGCACC,3.09375,3286,GGCACA,3.107421875,3286,GGCACA,3.107421875,3287,GGCACC,0.0012291793245822191,3286,GGCACA,0.004249317571520805,2653,GACAGG,0.15675221383571625,False,False,True,-0.0015618428587913513,GCGCAGAGGCGCCAGGACAGGCCCCCAGA
13,16,42,head_5,recovery,-0.01171875,-0.05667293071746826,3287,GGCACC,3.09765625,3286,GGCACA,3.12890625,3286,GGCACA,3.12890625,3287,GGCACC,0.0012418314581736922,3286,GGCACA,0.004588100593537092,2653,GACAGG,0.15655173361301422,False,False,True,0.0010652914643287659,GCGCAGAGGCGCCAGGACAGGCCCCCAGA
13,17,42,head_5,recovery,-0.0478515625,-0.3209730386734009,3287,GGCACC,3.12109375,3286,GGCACA,3.1640625,3286,GGCACA,3.1640625,3287,GGCACC,0.0013185645220801234,3286,GGCACA,0.0050046611577272415,2653,GACAGG,0.15368391573429108,False,False,True,0.0018190369009971619,GCGCAGAGGCGCCAGGACAGGCCCCCAGA
13,18,42,head_5,recovery,-0.078125,-0.44260692596435547,3287,GGCACC,3.123046875,3286,GGCACA,3.17578125,3286,GGCACA,3.17578125,3287,GGCACC,0.0012688243295997381,3286,GGCACA,0.005111313425004482,2653,GACAGG,0.15061238408088684,False,False,True,-0.0011435821652412415,GCGCAGAGGCGCCAGGACAGGCCCCCAGA
13,19,42,head_5,recovery,-0.0361328125,-0.33911406993865967,3287,GGCACC,3.125,3286,GGCACA,3.1640625,3286,GGCACA,3.1640625,3287,GGCACC,0.001246526138857007,3286,GGCACA,0.004955947864800692,2653,GACAGG,0.14749665558338165,False,False,True,-0.002365000545978546,GCGCAGAGGCGCCAGGACAGGCCCCCAGA
13,20,42,head_5,recovery,-0.1201171875,-0.42930614948272705,3287,GGCACC,3.09765625,3286,GGCACA,3.1640625,3286,GGCACA,3.1640625,3287,GGCACC,0.0011992505751550198,3286,GGCACA,0.0050246380269527435,2653,GACAGG,0.14401859045028687,False,False,True,-0.002697952091693878,GCGCAGAGGCGCCAGGACAGGCCCCCAGA
13,21,42,head_5,recovery,-0.14453125,-0.37011802196502686,3287,GGCACC,3.087890625,3286,GGCACA,3.162109375,3286,GGCACA,3.162109375,3287,GGCACC,0.0011890595778822899,3286,GGCACA,0.0049383449368178844,2653,GACAGG,0.14688533544540405,False,False,True,-0.0013741254806518555,GCGCAGAGGCGCCAGGACAGGCCCCCAGA
13,22,42,head_5,recovery,-0.1865234375,-0.2053297758102417,3287,GGCACC,3.048828125,3286,GGCACA,3.13671875,3286,GGCACA,3.13671875,3287,GGCACC,0.0010896879248321056,3286,GGCACA,0.004627094604074955,2653,GACAGG,0.1588537096977234,False,False,True,-0.0018677189946174622,GCGCAGAGGCGCCAGGACAGGCCCCCAGA
13,23,42,head_5,recovery,-0.0546875,-0.006521701812744141,3287,GGCACC,3.076171875,3286,GGCACA,3.12109375,3286,GGCACA,3.12109375,3287,GGCACC,0.0011027783621102571,3286,GGCACA,0.0043845647014677525,2653,GACAGG,0.1652916669845581,False,False,True,-0.0016503706574440002,GCGCAGAGGCGCCAGGACAGGCCCCCAGA
13,24,42,head_5,recovery,-0.0419921875,-0.03997457027435303,3287,GGCACC,3.09375,3286,GGCACA,3.134765625,3286,GGCACA,3.134765625,3287,GGCACC,0.001131326542235911,3286,GGCACA,0.004456125199794769,2653,GACAGG,0.166072815656662,False,False,True,-0.001518942415714264,GCGCAGAGGCGCCAGGACAGGCCCCCAGA
13,25,42,head_5,recovery,0.005859375,0.0310366153717041,3287,GGCACC,3.1171875,3286,GGCACA,3.142578125,3286,GGCACA,3.142578125,3287,GGCACC,0.0011609876528382301,3286,GGCACA,0.00439448282122612,2653,GACAGG,0.1588311344385147,False,False,True,0.0005620494484901428,GCGCAGAGGCGCCAGGACAGGCCCCCAGA
13,26,42,head_5,recovery,0.01220703125,0.03058755397796631,3287,GGCACC,3.12109375,3286,GGCACA,3.14453125,3286,GGCACA,3.14453125,3287,GGCACC,0.001174852717667818,3286,GGCACA,0.0044089253060519695,2653,GACAGG,0.1599426567554474,False,False,True,0.00013630837202072144,GCGCAGAGGCGCCAGGACAGGCCCCCAGA
13,27,42,head_5,recovery,0.01220703125,0.06634354591369629,3287,GGCACC,3.123046875,3286,GGCACA,3.146484375,3286,GGCACA,3.146484375,3287,GGCACC,0.0011443797266110778,3286,GGCACA,0.004332478623837233,2653,GACAGG,0.16251519322395325,False,False,True,-0.00036682188510894775,GCGCAGAGGCGCCAGGACAGGCCCCCAGA
13,28,42,head_5,recovery,-0.0185546875,0.015225470066070557,3287,GGCACC,3.12890625,3286,GGCACA,3.162109375,3286,GGCACA,3.162109375,3287,GGCACC,0.0011475655483081937,3286,GGCACA,0.004401389975100756,2653,GACAGG,0.16288310289382935,False,False,True,-0.0012260675430297852,GCGCAGAGGCGCCAGGACAGGCCCCCAGA
13,29,42,head_5,recovery,-0.0361328125,0.05118757486343384,3287,GGCACC,3.1171875,3286,GGCACA,3.15625,3286,GGCACA,3.15625,3287,GGCACC,0.0011161168804392219,3286,GGCACA,0.004323702771216631,2653,GACAGG,0.16227015852928162,False,False,True,-0.0019567087292671204,GCGCAGAGGCGCCAGGACAGGCCCCCAGA
13,30,42,head_5,recovery,-0.0361328125,0.018371284008026123,3287,GGCACC,3.123046875,3286,GGCACA,3.162109375,3286,GGCACA,3.162109375,3287,GGCACC,0.001131659490056336,3286,GGCACA,0.004381439182907343,2653,GACAGG,0.1609124094247818,False,False,True,-0.001968473196029663,GCGCAGAGGCGCCAGGACAGGCCCCCAGA
13,31,42,head_5,recovery,-0.0244140625,0.06180757284164429,3287,GGCACC,3.1171875,3286,GGCACA,3.15234375,3286,GGCACA,3.15234375,3287,GGCACC,0.0011080114636570215,3286,GGCACA,0.00430194241926074,2653,GACAGG,0.1611654907464981,False,False,True,-0.0011587291955947876,GCGCAGAGGCGCCAGGACAGGCCCCCAGA
13,32,42,head_5,recovery,-0.01171875,0.08525335788726807,3287,GGCACC,3.12109375,3286,GGCACA,3.15234375,3286,GGCACA,3.15234375,3287,GGCACC,0.0011171242222189903,3286,GGCACA,0.004280909430235624,2653,GACAGG,0.16141602396965027,False,False,True,0.00014591962099075317,GCGCAGAGGCGCCAGGACAGGCCCCCAGA
14,0,42,head_5,recovery,-0.0244140625,-0.020831823348999023,3287,GGCACC,3.1171875,3286,GGCACA,3.15234375,3286,GGCACA,3.15234375,3287,GGCACC,0.001175592769868672,3286,GGCACA,0.004475778434425592,2653,GACAGG,0.1584252417087555,False,False,True,-0.00016822665929794312,GCGCAGAGGCGCCAGGACAGGCCCCCAGA
14,1,42,head_5,recovery,-0.01171875,-0.013712048530578613,3287,GGCACC,3.1171875,3286,GGCACA,3.1484375,3286,GGCACA,3.1484375,3287,GGCACC,0.0011797609040513635,3286,GGCACA,0.004470792133361101,2653,GACAGG,0.15790382027626038,False,False,True,-1.055002212524414e-05,GCGCAGAGGCGCCAGGACAGGCCCCCAGA
14,2,42,head_5,recovery,-0.0244140625,-0.016518115997314453,3287,GGCACC,3.1171875,3286,GGCACA,3.15234375,3286,GGCACA,3.15234375,3287,GGCACC,0.0011747349053621292,3286,GGCACA,0.004469374194741249,2653,GACAGG,0.15860219299793243,False,False,True,1.0356307029724121e-06,GCGCAGAGGCGCCAGGACAGGCCCCCAGA
14,3,42,head_5,recovery,-0.0244140625,-0.014486551284790039,3287,GGCACC,3.1171875,3286,GGCACA,3.15234375,3286,GGCACA,3.15234375,3287,GGCACC,0.0011739006731659174,3286,GGCACA,0.0044659278355538845,2653,GACAGG,0.15840977430343628,False,False,True,-0.00039711594581604004,GCGCAGAGGCGCCAGGACAGGCCCCCAGA
14,4,42,head_5,recovery,-0.0244140625,-0.009156346321105957,3287,GGCACC,3.1171875,3286,GGCACA,3.15234375,3286,GGCACA,3.15234375,3287,GGCACC,0.0011691078543663025,3286,GGCACA,0.004454281646758318,2653,GACAGG,0.15832248330116272,False,False,True,-0.0006013289093971252,GCGCAGAGGCGCCAGGACAGGCCCCCAGA
14,5,42,head_5,recovery,0.005859375,0.015548884868621826,3287,GGCACC,3.12109375,3286,GGCACA,3.146484375,3286,GGCACA,3.146484375,3287,GGCACC,0.001174164586700499,3286,GGCACA,0.004427573177963495,2653,GACAGG,0.15862680971622467,False,False,True,-0.0006178244948387146,GCGCAGAGGCGCCAGGACAGGCCCCCAGA
14,6,42,head_5,recovery,0.01806640625,0.016937434673309326,3287,GGCACC,3.123046875,3286,GGCACA,3.14453125,3286,GGCACA,3.14453125,3287,GGCACC,0.001183023676276207,3286,GGCACA,0.004434647038578987,2653,GACAGG,0.15844205021858215,False,False,True,-0.00043857842683792114,GCGCAGAGGCGCCAGGACAGGCCCCCAGA
14,7,42,head_5,recovery,0.02392578125,0.018454551696777344,3287,GGCACC,3.123046875,3286,GGCACA,3.142578125,3286,GGCACA,3.142578125,3287,GGCACC,0.001191437360830605,3286,GGCACA,0.004441109951585531,2653,GACAGG,0.1582256704568863,False,False,True,-0.00033470243215560913,GCGCAGAGGCGCCAGGACAGGCCCCCAGA
14,8,42,head_5,recovery,0.01806640625,-0.0019540786743164062,3287,GGCACC,3.125,3286,GGCACA,3.146484375,3286,GGCACA,3.146484375,3287,GGCACC,0.0011946677695959806,3286,GGCACA,0.004470581188797951,2653,GACAGG,0.15767967700958252,False,False,True,-0.0015260279178619385,GCGCAGAGGCGCCAGGACAGGCCCCCAGA
14,9,42,head_5,recovery,0.0,-0.027409672737121582,3287,GGCACC,3.125,3286,GGCACA,3.15234375,3286,GGCACA,3.15234375,3287,GGCACC,0.0011897694785147905,3286,GGCACA,0.00449841283261776,2653,GACAGG,0.157924622297287,False,False,True,-0.0017945170402526855,GCGCAGAGGCGCCAGGACAGGCCCCCAGA
14,10,42,head_5,recovery,-0.0185546875,-0.005688905715942383,3287,GGCACC,3.12109375,3286,GGCACA,3.154296875,3286,GGCACA,3.154296875,3287,GGCACC,0.0011713214917108417,3286,GGCACA,0.004452037159353495,2653,GACAGG,0.1580110788345337,False,False,True,-0.00134306401014328,GCGCAGAGGCGCCAGGACAGGCCCCCAGA
14,11,42,head_5,recovery,-0.0185546875,-0.01660609245300293,3287,GGCACC,3.115234375,3286,GGCACA,3.1484375,3286,GGCACA,3.1484375,3287,GGCACC,0.0011742647038772702,3286,GGCACA,0.004469017032533884,2653,GACAGG,0.15775926411151886,False,False,True,-0.00042475759983062744,GCGCAGAGGCGCCAGGACAGGCCCCCAGA
14,12,42,head_5,recovery,0.0,0.003582894802093506,3287,GGCACC,3.1171875,3286,GGCACA,3.14453125,3286,GGCACA,3.14453125,3287,GGCACC,0.001172421034425497,3286,GGCACA,0.004441215191036463,2653,GACAGG,0.15806050598621368,False,False,True,-0.0006201565265655518,GCGCAGAGGCGCCAGGACAGGCCCCCAGA
14,13,42,head_5,recovery,0.01220703125,0.030646562576293945,3287,GGCACC,3.12890625,3286,GGCACA,3.15234375,3286,GGCACA,3.15234375,3287,GGCACC,0.0011802416993305087,3286,GGCACA,0.004414238501340151,2653,GACAGG,0.1613544225692749,False,False,True,-0.0007741972804069519,GCGCAGAGGCGCCAGGACAGGCCCCCAGA
14,14,42,head_5,recovery,0.005859375,0.023606061935424805,3287,GGCACC,3.12890625,3286,GGCACA,3.154296875,3286,GGCACA,3.154296875,3287,GGCACC,0.001158136990852654,3286,GGCACA,0.004401186015456915,2653,GACAGG,0.1619907170534134,False,False,True,-0.001395002007484436,GCGCAGAGGCGCCAGGACAGGCCCCCAGA
14,15,42,head_5,recovery,-0.0244140625,0.03228121995925903,3287,GGCACC,3.12890625,3286,GGCACA,3.1640625,3286,GGCACA,3.1640625,3287,GGCACC,0.001131728058680892,3286,GGCACA,0.004363622982054949,2653,GACAGG,0.16241955757141113,False,False,True,-0.0012544915080070496,GCGCAGAGGCGCCAGGACAGGCCCCCAGA
14,16,42,head_5,recovery,-0.060546875,-0.011042237281799316,3287,GGCACC,3.109375,3286,GGCACA,3.15625,3286,GGCACA,3.15625,3287,GGCACC,0.001099119195714593,3286,GGCACA,0.0043867179192602634,2653,GACAGG,0.15865455567836761,False,False,True,-0.0006875842809677124,GCGCAGAGGCGCCAGGACAGGCCCCCAGA
14,17,42,head_5,recovery,-0.0419921875,-0.025931835174560547,3287,GGCACC,3.11328125,3286,GGCACA,3.154296875,3286,GGCACA,3.154296875,3287,GGCACC,0.0011187858181074262,3286,GGCACA,0.004425528924912214,2653,GACAGG,0.15774275362491608,False,False,True,0.00048201531171798706,GCGCAGAGGCGCCAGGACAGGCCCCCAGA
14,18,42,head_5,recovery,-0.0302734375,-0.08440864086151123,3287,GGCACC,3.123046875,3286,GGCACA,3.16015625,3286,GGCACA,3.16015625,3287,GGCACC,0.0011398184578865767,3286,GGCACA,0.0045217489823699,2653,GACAGG,0.15646414458751678,False,False,True,0.0008427351713180542,GCGCAGAGGCGCCAGGACAGGCCCCCAGA
14,19,42,head_5,recovery,-0.0244140625,-0.10117101669311523,3287,GGCACC,3.1328125,3286,GGCACA,3.16796875,3286,GGCACA,3.16796875,3287,GGCACC,0.0011630873195827007,3286,GGCACA,0.004566570278257132,2653,GACAGG,0.15806572139263153,False,False,True,0.0002456977963447571,GCGCAGAGGCGCCAGGACAGGCCCCCAGA
14,20,42,head_5,recovery,-0.0908203125,-0.15225529670715332,3287,GGCACC,3.109375,3286,GGCACA,3.166015625,3286,GGCACA,3.166015625,3287,GGCACC,0.0011594900861382484,3286,GGCACA,0.0046286555007100105,2653,GACAGG,0.15658695995807648,False,False,True,-0.0008653998374938965,GCGCAGAGGCGCCAGGACAGGCCCCCAGA
14,21,42,head_5,recovery,-0.0908203125,-0.021614432334899902,3287,GGCACC,3.08984375,3286,GGCACA,3.146484375,3286,GGCACA,3.146484375,3287,GGCACC,0.0011352031724527478,3286,GGCACA,0.00443639513105154,2653,GACAGG,0.15824109315872192,False,False,True,-0.0011136829853057861,GCGCAGAGGCGCCAGGACAGGCCCCCAGA
14,22,42,head_5,recovery,-0.1025390625,-0.0018110275268554688,3287,GGCACC,3.076171875,3286,GGCACA,3.13671875,3286,GGCACA,3.13671875,3287,GGCACC,0.0011395232286304235,3286,GGCACA,0.004415252711623907,2653,GACAGG,0.15659794211387634,False,False,True,-0.001131303608417511,GCGCAGAGGCGCCAGGACAGGCCCCCAGA
14,23,42,head_5,recovery,-0.0478515625,0.025302767753601074,3287,GGCACC,3.09765625,3286,GGCACA,3.140625,3286,GGCACA,3.140625,3287,GGCACC,0.0011484859278425574,3286,GGCACA,0.004389353562146425,2653,GACAGG,0.15900200605392456,False,False,True,-0.0003426894545555115,GCGCAGAGGCGCCAGGACAGGCCCCCAGA
14,24,42,head_5,recovery,-0.0478515625,-0.042244553565979004,3287,GGCACC,3.103515625,3286,GGCACA,3.146484375,3286,GGCACA,3.146484375,3287,GGCACC,0.001179506885819137,3286,GGCACA,0.004507224541157484,2653,GACAGG,0.15825814008712769,False,False,True,3.0957162380218506e-05,GCGCAGAGGCGCCAGGACAGGCCCCCAGA
14,25,42,head_5,recovery,-0.01171875,-0.03688669204711914,3287,GGCACC,3.115234375,3286,GGCACA,3.146484375,3286,GGCACA,3.146484375,3287,GGCACC,0.0011886181309819221,3286,GGCACA,0.004509446676820517,2653,GACAGG,0.15829508006572723,False,False,True,9.966641664505005e-05,GCGCAGAGGCGCCAGGACAGGCCCCCAGA
14,26,42,head_5,recovery,-0.0185546875,-0.03477180004119873,3287,GGCACC,3.109375,3286,GGCACA,3.142578125,3286,GGCACA,3.142578125,3287,GGCACC,0.0011674158740788698,3286,GGCACA,0.004485525190830231,2653,GACAGG,0.1589471846818924,False,False,True,0.0006858184933662415,GCGCAGAGGCGCCAGGACAGGCCCCCAGA
14,27,42,head_5,recovery,-0.0302734375,-0.05228877067565918,3287,GGCACC,3.09765625,3286,GGCACA,3.134765625,3286,GGCACA,3.134765625,3287,GGCACC,0.0011720487382262945,3286,GGCACA,0.004512680694460869,2653,GACAGG,0.15963640809059143,False,False,True,0.0010692253708839417,GCGCAGAGGCGCCAGGACAGGCCCCCAGA
14,28,42,head_5,recovery,-0.0244140625,-0.0326390266418457,3287,GGCACC,3.09375,3286,GGCACA,3.12890625,3286,GGCACA,3.12890625,3287,GGCACC,0.001163112698122859,3286,GGCACA,0.004478479735553265,2653,GACAGG,0.15900537371635437,False,False,True,0.0015240311622619629,GCGCAGAGGCGCCAGGACAGGCCCCCAGA
14,29,42,head_5,recovery,-0.0244140625,-0.013719916343688965,3287,GGCACC,3.0859375,3286,GGCACA,3.12109375,3286,GGCACA,3.12109375,3287,GGCACC,0.0011704452335834503,3286,GGCACA,0.004461486823856831,2653,GACAGG,0.1586923450231552,False,False,True,0.0016365721821784973,GCGCAGAGGCGCCAGGACAGGCCCCCAGA
14,30,42,head_5,recovery,-0.005859375,0.025367259979248047,3287,GGCACC,3.09765625,3286,GGCACA,3.126953125,3286,GGCACA,3.126953125,3287,GGCACC,0.0011596078984439373,3286,GGCACA,0.0044003925286233425,2653,GACAGG,0.15879011154174805,False,False,True,0.001482449471950531,GCGCAGAGGCGCCAGGACAGGCCCCCAGA
14,31,42,head_5,recovery,-0.01171875,0.01660442352294922,3287,GGCACC,3.1015625,3286,GGCACA,3.1328125,3286,GGCACA,3.1328125,3287,GGCACC,0.0011692254338413477,3286,GGCACA,0.004421276971697807,2653,GACAGG,0.1589193195104599,False,False,True,0.0020414218306541443,GCGCAGAGGCGCCAGGACAGGCCCCCAGA
14,32,42,head_5,recovery,-0.01171875,-0.022730350494384766,3287,GGCACC,3.115234375,3286,GGCACA,3.146484375,3286,GGCACA,3.146484375,3287,GGCACC,0.0011843838728964329,3286,GGCACA,0.004487010650336742,2653,GACAGG,0.15819154679775238,False,False,True,0.0017307177186012268,GCGCAGAGGCGCCAGGACAGGCCCCCAGA
15,0,42,head_5,recovery,-0.005859375,-0.008983016014099121,3287,GGCACC,3.123046875,3286,GGCACA,3.15234375,3286,GGCACA,3.15234375,3287,GGCACC,0.00117327063344419,3286,GGCACA,0.004458221606910229,2653,GACAGG,0.15858104825019836,False,False,True,0.0007855445146560669,GCGCAGAGGCGCCAGGACAGGCCCCCAGA
15,1,42,head_5,recovery,-0.01171875,-0.009852051734924316,3287,GGCACC,3.12109375,3286,GGCACA,3.15234375,3286,GGCACA,3.15234375,3287,GGCACC,0.0011732325656339526,3286,GGCACA,0.004459301009774208,2653,GACAGG,0.15817472338676453,False,False,True,0.0010929852724075317,GCGCAGAGGCGCCAGGACAGGCCCCCAGA
15,2,42,head_5,recovery,0.0,-0.01269543170928955,3287,GGCACC,3.12109375,3286,GGCACA,3.1484375,3286,GGCACA,3.1484375,3287,GGCACC,0.0011805887334048748,3286,GGCACA,0.0044703129678964615,2653,GACAGG,0.15765337646007538,False,False,True,0.0007369369268417358,GCGCAGAGGCGCCAGGACAGGCCCCCAGA
15,3,42,head_5,recovery,0.005859375,0.007941961288452148,3287,GGCACC,3.12109375,3286,GGCACA,3.146484375,3286,GGCACA,3.146484375,3287,GGCACC,0.0011761062778532505,3286,GGCACA,0.00443929573521018,2653,GACAGG,0.15809589624404907,False,False,True,0.0012445077300071716,GCGCAGAGGCGCCAGGACAGGCCCCCAGA
15,4,42,head_5,recovery,0.0,0.000882267951965332,3287,GGCACC,3.12109375,3286,GGCACA,3.1484375,3286,GGCACA,3.1484375,3287,GGCACC,0.0011840410297736526,3286,GGCACA,0.004456307739019394,2653,GACAGG,0.1576085388660431,False,False,True,0.00101480633020401,GCGCAGAGGCGCCAGGACAGGCCCCCAGA
15,5,42,head_5,recovery,0.0,-0.00889122486114502,3287,GGCACC,3.12109375,3286,GGCACA,3.1484375,3286,GGCACA,3.1484375,3287,GGCACC,0.001183390966616571,3286,GGCACA,0.004468224011361599,2653,GACAGG,0.15757249295711517,False,False,True,0.00043395161628723145,GCGCAGAGGCGCCAGGACAGGCCCCCAGA
15,6,42,head_5,recovery,-0.01171875,-0.01909637451171875,3287,GGCACC,3.12109375,3286,GGCACA,3.15234375,3286,GGCACA,3.15234375,3287,GGCACC,0.0011801129439845681,3286,GGCACA,0.00447806715965271,2653,GACAGG,0.15806426107883453,False,False,True,-0.0010558739304542542,GCGCAGAGGCGCCAGGACAGGCCCCCAGA
15,7,42,head_5,recovery,0.005859375,0.0018821954727172852,3287,GGCACC,3.123046875,3286,GGCACA,3.1484375,3286,GGCACA,3.1484375,3287,GGCACC,0.0011726949596777558,3286,GGCACA,0.004443675745278597,2653,GACAGG,0.15797924995422363,False,False,True,-0.0024561807513237,GCGCAGAGGCGCCAGGACAGGCCCCCAGA
15,8,42,head_5,recovery,0.02392578125,0.013851284980773926,3287,GGCACC,3.12890625,3286,GGCACA,3.1484375,3286,GGCACA,3.1484375,3287,GGCACC,0.0011879743542522192,3286,GGCACA,0.004443565849214792,2653,GACAGG,0.15753725171089172,False,False,True,-0.0030560046434402466,GCGCAGAGGCGCCAGGACAGGCCCCCAGA
15,9,42,head_5,recovery,0.02392578125,0.009149432182312012,3287,GGCACC,3.126953125,3286,GGCACA,3.146484375,3286,GGCACA,3.146484375,3287,GGCACC,0.0011904033599421382,3286,GGCACA,0.004452040418982506,2653,GACAGG,0.15774378180503845,False,False,True,-0.0023520514369010925,GCGCAGAGGCGCCAGGACAGGCCCCCAGA
15,10,42,head_5,recovery,0.01806640625,0.014479637145996094,3287,GGCACC,3.125,3286,GGCACA,3.146484375,3286,GGCACA,3.146484375,3287,GGCACC,0.0011883226688951254,3286,GGCACA,0.0044431062415242195,2653,GACAGG,0.15776148438453674,False,False,True,-0.0010906308889389038,GCGCAGAGGCGCCAGGACAGGCCCCCAGA
15,11,42,head_5,recovery,-0.005859375,-0.011528730392456055,3287,GGCACC,3.1171875,3286,GGCACA,3.146484375,3286,GGCACA,3.146484375,3287,GGCACC,0.001171404728665948,3286,GGCACA,0.004459628835320473,2653,GACAGG,0.15779821574687958,False,False,True,-0.0010254010558128357,GCGCAGAGGCGCCAGGACAGGCCCCCAGA
15,12,42,head_5,recovery,-0.0244140625,0.10902947187423706,3287,GGCACC,3.11328125,3286,GGCACA,3.1484375,3286,GGCACA,3.1484375,3287,GGCACC,0.0011110252235084772,3286,GGCACA,0.004244240000844002,2653,GACAGG,0.16274213790893555,False,False,True,0.000224381685256958,GCGCAGAGGCGCCAGGACAGGCCCCCAGA
15,13,42,head_5,recovery,-0.0302734375,0.08321148157119751,3287,GGCACC,3.109375,3286,GGCACA,3.146484375,3286,GGCACA,3.146484375,3287,GGCACC,0.0011257253354415298,3286,GGCACA,0.004292136058211327,2653,GACAGG,0.16119609773159027,False,False,True,0.0008303821086883545,GCGCAGAGGCGCCAGGACAGGCCCCCAGA
15,14,42,head_5,recovery,-0.0361328125,0.026660561561584473,3287,GGCACC,3.1171875,3286,GGCACA,3.15625,3286,GGCACA,3.15625,3287,GGCACC,0.0011389207793399692,3286,GGCACA,0.00437804264947772,2653,GACAGG,0.1609177440404892,False,False,True,0.0015338584780693054,GCGCAGAGGCGCCAGGACAGGCCCCCAGA
15,15,42,head_5,recovery,-0.060546875,-0.14975643157958984,3287,GGCACC,3.12109375,3286,GGCACA,3.16796875,3286,GGCACA,3.16796875,3287,GGCACC,0.0012750072637572885,3286,GGCACA,0.004740959499031305,2653,GACAGG,0.15363352000713348,False,False,True,2.777576446533203e-05,GCGCAGAGGCGCCAGGACAGGCCCCCAGA
15,16,42,head_5,recovery,-0.0478515625,-0.17461919784545898,3287,GGCACC,3.123046875,3286,GGCACA,3.166015625,3286,GGCACA,3.166015625,3287,GGCACC,0.0012520813615992665,3286,GGCACA,0.00475000124424696,2653,GACAGG,0.15511012077331543,False,False,True,-0.0005045309662818909,GCGCAGAGGCGCCAGGACAGGCCCCCAGA
15,17,42,head_5,recovery,-0.0302734375,-0.0925668478012085,3287,GGCACC,3.123046875,3286,GGCACA,3.16015625,3286,GGCACA,3.16015625,3287,GGCACC,0.0012370010372251272,3286,GGCACA,0.0046294210478663445,2653,GACAGG,0.1581280529499054,False,False,True,-0.0011184215545654297,GCGCAGAGGCGCCAGGACAGGCCCCCAGA
15,18,42,head_5,recovery,0.01220703125,-0.28180861473083496,3287,GGCACC,3.11328125,3286,GGCACA,3.13671875,3286,GGCACA,3.13671875,3287,GGCACC,0.0012182112550362945,3286,GGCACA,0.004853951744735241,2653,GACAGG,0.15613773465156555,False,False,True,-0.0010275468230247498,GCGCAGAGGCGCCAGGACAGGCCCCCAGA
15,19,42,head_5,recovery,0.01220703125,-0.19549298286437988,3287,GGCACC,3.109375,3286,GGCACA,3.1328125,3286,GGCACA,3.1328125,3287,GGCACC,0.0012017483823001385,3286,GGCACA,0.004726507235318422,2653,GACAGG,0.15537790954113007,False,False,True,-0.0009583383798599243,GCGCAGAGGCGCCAGGACAGGCCCCCAGA
15,20,42,head_5,recovery,-0.22265625,-0.5854167938232422,3287,GGCACC,3.142578125,3286,GGCACA,3.2421875,3286,GGCACA,3.2421875,3287,GGCACC,0.001236030482687056,3286,GGCACA,0.00526213925331831,2653,GACAGG,0.15039853751659393,False,False,True,0.0004086717963218689,GCGCAGAGGCGCCAGGACAGGCCCCCAGA
15,21,42,head_5,recovery,-0.19921875,-0.23984456062316895,3287,GGCACC,3.1484375,3286,GGCACA,3.240234375,3286,GGCACA,3.240234375,3287,GGCACC,0.0011657278519123793,3286,GGCACA,0.0047475122846663,2653,GACAGG,0.15466734766960144,False,False,True,0.0007728785276412964,GCGCAGAGGCGCCAGGACAGGCCCCCAGA
15,22,42,head_5,recovery,-0.1630859375,-0.21322691440582275,3287,GGCACC,3.154296875,3286,GGCACA,3.234375,3286,GGCACA,3.234375,3287,GGCACC,0.0011826789705082774,3286,GGCACA,0.004730239510536194,2653,GACAGG,0.15688768029212952,False,False,True,0.0008517652750015259,GCGCAGAGGCGCCAGGACAGGCCCCCAGA
15,23,42,head_5,recovery,0.0302734375,0.06981384754180908,3287,GGCACC,3.115234375,3286,GGCACA,3.1328125,3286,GGCACA,3.1328125,3287,GGCACC,0.0011615484254434705,3286,GGCACA,0.004345185123383999,2653,GACAGG,0.1590849757194519,False,False,True,0.0004067346453666687,GCGCAGAGGCGCCAGGACAGGCCCCCAGA
15,24,42,head_5,recovery,0.02392578125,0.0026755332946777344,3287,GGCACC,3.1171875,3286,GGCACA,3.13671875,3286,GGCACA,3.13671875,3287,GGCACC,0.0011859892401844263,3286,GGCACA,0.004455950111150742,2653,GACAGG,0.15741804242134094,False,False,True,7.052719593048096e-05,GCGCAGAGGCGCCAGGACAGGCCCCCAGA
15,25,42,head_5,recovery,-0.005859375,-0.06817770004272461,3287,GGCACC,3.1171875,3286,GGCACA,3.146484375,3286,GGCACA,3.146484375,3287,GGCACC,0.001206990098580718,3286,GGCACA,0.0045680515468120575,2653,GACAGG,0.1562248021364212,False,False,True,-0.00025481730699539185,GCGCAGAGGCGCCAGGACAGGCCCCCAGA
15,26,42,head_5,recovery,0.01220703125,-0.024565577507019043,3287,GGCACC,3.12109375,3286,GGCACA,3.14453125,3286,GGCACA,3.14453125,3287,GGCACC,0.0011990664061158895,3286,GGCACA,0.004504052922129631,2653,GACAGG,0.15691128373146057,False,False,True,-0.0004998967051506042,GCGCAGAGGCGCCAGGACAGGCCCCCAGA
15,27,42,head_5,recovery,-0.01171875,0.009327590465545654,3287,GGCACC,3.11328125,3286,GGCACA,3.14453125,3286,GGCACA,3.14453125,3287,GGCACC,0.0011651517124846578,3286,GGCACA,0.004426559433341026,2653,GACAGG,0.16019082069396973,False,False,True,-0.0007200390100479126,GCGCAGAGGCGCCAGGACAGGCCCCCAGA
15,28,42,head_5,recovery,-0.01171875,0.008050084114074707,3287,GGCACC,3.11328125,3286,GGCACA,3.14453125,3286,GGCACA,3.14453125,3287,GGCACC,0.001158739672973752,3286,GGCACA,0.0044217901304364204,2653,GACAGG,0.16048280894756317,False,False,True,-0.000999733805656433,GCGCAGAGGCGCCAGGACAGGCCCCCAGA
15,29,42,head_5,recovery,-0.005859375,-0.002077341079711914,3287,GGCACC,3.115234375,3286,GGCACA,3.14453125,3286,GGCACA,3.14453125,3287,GGCACC,0.0011653383262455463,3286,GGCACA,0.004441410303115845,2653,GACAGG,0.16026781499385834,False,False,True,-0.001600012183189392,GCGCAGAGGCGCCAGGACAGGCCCCCAGA
15,30,42,head_5,recovery,0.01220703125,-0.0013837814331054688,3287,GGCACC,3.123046875,3286,GGCACA,3.146484375,3286,GGCACA,3.146484375,3287,GGCACC,0.0011794482124969363,3286,GGCACA,0.004454628564417362,2653,GACAGG,0.15861773490905762,False,False,True,-0.0017194822430610657,GCGCAGAGGCGCCAGGACAGGCCCCCAGA
15,31,42,head_5,recovery,0.0,0.02830880880355835,3287,GGCACC,3.1171875,3286,GGCACA,3.14453125,3286,GGCACA,3.14453125,3287,GGCACC,0.0011629218934103847,3286,GGCACA,0.004399924539029598,2653,GACAGG,0.15925849974155426,False,False,True,-0.00046849995851516724,GCGCAGAGGCGCCAGGACAGGCCCCCAGA
15,32,42,head_5,recovery,0.005859375,0.030484318733215332,3287,GGCACC,3.123046875,3286,GGCACA,3.1484375,3286,GGCACA,3.1484375,3287,GGCACC,0.0011686409125104547,3286,GGCACA,0.004402846097946167,2653,GACAGG,0.1585759073495865,False,False,True,-6.495416164398193e-05,GCGCAGAGGCGCCAGGACAGGCCCCCAGA
16,0,42,head_5,recovery,0.0,-0.004488110542297363,3287,GGCACC,3.12109375,3286,GGCACA,3.1484375,3286,GGCACA,3.1484375,3287,GGCACC,0.0011770215351134539,3286,GGCACA,0.004456193186342716,2653,GACAGG,0.1581079065799713,False,False,True,-2.288818359375e-05,GCGCAGAGGCGCCAGGACAGGCCCCCAGA
16,1,42,head_5,recovery,0.0,-0.010433316230773926,3287,GGCACC,3.12109375,3286,GGCACA,3.1484375,3286,GGCACA,3.1484375,3287,GGCACC,0.0011780541390180588,3286,GGCACA,0.004464869853109121,2653,GACAGG,0.15786316990852356,False,False,True,9.117275476455688e-05,GCGCAGAGGCGCCAGGACAGGCCCCCAGA
16,2,42,head_5,recovery,0.0,-0.0040547847747802734,3287,GGCACC,3.12109375,3286,GGCACA,3.1484375,3286,GGCACA,3.1484375,3287,GGCACC,0.0011792891891673207,3286,GGCACA,0.0044579035602509975,2653,GACAGG,0.15781660377979279,False,False,True,-0.001089237630367279,GCGCAGAGGCGCCAGGACAGGCCCCCAGA
16,3,42,head_5,recovery,0.005859375,0.00929248332977295,3287,GGCACC,3.12109375,3286,GGCACA,3.146484375,3286,GGCACA,3.146484375,3287,GGCACC,0.0011779969790950418,3286,GGCACA,0.004439449869096279,2653,GACAGG,0.1576821655035019,False,False,True,-0.0010578334331512451,GCGCAGAGGCGCCAGGACAGGCCCCCAGA
16,4,42,head_5,recovery,0.005859375,-0.00048470497131347656,3287,GGCACC,3.123046875,3286,GGCACA,3.1484375,3286,GGCACA,3.1484375,3287,GGCACC,0.0011842583771795034,3286,GGCACA,0.004458282608538866,2653,GACAGG,0.15780112147331238,False,False,True,-0.0026579946279525757,GCGCAGAGGCGCCAGGACAGGCCCCCAGA
16,5,42,head_5,recovery,0.005859375,0.0014110207557678223,3287,GGCACC,3.123046875,3286,GGCACA,3.1484375,3286,GGCACA,3.1484375,3287,GGCACC,0.0011836473131552339,3286,GGCACA,0.004455233924090862,2653,GACAGG,0.1578882485628128,False,False,True,-0.0013864561915397644,GCGCAGAGGCGCCAGGACAGGCCCCCAGA
16,6,42,head_5,recovery,0.005859375,-0.006788849830627441,3287,GGCACC,3.123046875,3286,GGCACA,3.1484375,3286,GGCACA,3.1484375,3287,GGCACC,0.0011818526545539498,3286,GGCACA,0.004463982302695513,2653,GACAGG,0.1580704003572464,False,False,True,-0.0019123703241348267,GCGCAGAGGCGCCAGGACAGGCCCCCAGA
16,7,42,head_5,recovery,-0.01171875,-0.02142035961151123,3287,GGCACC,3.1171875,3286,GGCACA,3.1484375,3286,GGCACA,3.1484375,3287,GGCACC,0.0011744522489607334,3286,GGCACA,0.004475394729524851,2653,GACAGG,0.1575174331665039,False,False,True,-0.0020609796047210693,GCGCAGAGGCGCCAGGACAGGCCCCCAGA
16,8,42,head_5,recovery,-0.005859375,-0.0026758909225463867,3287,GGCACC,3.115234375,3286,GGCACA,3.14453125,3286,GGCACA,3.14453125,3287,GGCACC,0.0011710047256201506,3286,GGCACA,0.004447846207767725,2653,GACAGG,0.15761682391166687,False,False,True,-0.0024337321519851685,GCGCAGAGGCGCCAGGACAGGCCCCCAGA
16,9,42,head_5,recovery,0.0,0.0061054229736328125,3287,GGCACC,3.1171875,3286,GGCACA,3.14453125,3286,GGCACA,3.14453125,3287,GGCACC,0.0011778372572734952,3286,GGCACA,0.004443387966603041,2653,GACAGG,0.15729793906211853,False,False,True,-0.0029832422733306885,GCGCAGAGGCGCCAGGACAGGCCCCCAGA
16,10,42,head_5,recovery,0.01220703125,0.00798577070236206,3287,GGCACC,3.12109375,3286,GGCACA,3.14453125,3286,GGCACA,3.14453125,3287,GGCACC,0.00118540960829705,3286,GGCACA,0.004448542837053537,2653,GACAGG,0.15714676678180695,False,False,True,-0.0019173100590705872,GCGCAGAGGCGCCAGGACAGGCCCCCAGA
16,11,42,head_5,recovery,-0.005859375,0.00812375545501709,3287,GGCACC,3.1171875,3286,GGCACA,3.146484375,3286,GGCACA,3.146484375,3287,GGCACC,0.0011656563729047775,3286,GGCACA,0.004428612068295479,2653,GACAGG,0.15807922184467316,False,False,True,-0.0018884465098381042,GCGCAGAGGCGCCAGGACAGGCCCCCAGA
16,12,42,head_5,recovery,-0.01171875,-0.0046149492263793945,3287,GGCACC,3.1171875,3286,GGCACA,3.1484375,3286,GGCACA,3.1484375,3287,GGCACC,0.0011608933564275503,3286,GGCACA,0.00444022798910737,2653,GACAGG,0.15843823552131653,False,False,True,-0.0004876255989074707,GCGCAGAGGCGCCAGGACAGGCCCCCAGA
16,13,42,head_5,recovery,0.01220703125,-0.03697836399078369,3287,GGCACC,3.123046875,3286,GGCACA,3.146484375,3286,GGCACA,3.146484375,3287,GGCACC,0.0011893502669408917,3286,GGCACA,0.004510296508669853,2653,GACAGG,0.15752489864826202,False,False,True,-0.0009104683995246887,GCGCAGAGGCGCCAGGACAGGCCCCCAGA
16,14,42,head_5,recovery,0.01220703125,0.004269242286682129,3287,GGCACC,3.123046875,3286,GGCACA,3.146484375,3286,GGCACA,3.146484375,3287,GGCACC,0.0011806241236627102,3286,GGCACA,0.004448535852134228,2653,GACAGG,0.15727126598358154,False,False,True,-0.0007414445281028748,GCGCAGAGGCGCCAGGACAGGCCCCCAGA
16,15,42,head_5,recovery,-0.0546875,0.0958108901977539,3287,GGCACC,3.115234375,3286,GGCACA,3.16015625,3286,GGCACA,3.16015625,3287,GGCACC,0.0011802938533946872,3286,GGCACA,0.004330504685640335,2653,GACAGG,0.15877263247966766,False,False,True,-0.0010326504707336426,GCGCAGAGGCGCCAGGACAGGCCCCCAGA
16,16,42,head_5,recovery,-0.0185546875,0.22881925106048584,3287,GGCACC,3.142578125,3286,GGCACA,3.17578125,3286,GGCACA,3.17578125,3287,GGCACC,0.0011944171274080873,3286,GGCACA,0.004173610359430313,2653,GACAGG,0.1594732403755188,False,False,True,-0.0006106868386268616,GCGCAGAGGCGCCAGGACAGGCCCCCAGA
16,17,42,head_5,recovery,0.0302734375,0.12433773279190063,3287,GGCACC,3.1484375,3286,GGCACA,3.166015625,3286,GGCACA,3.166015625,3287,GGCACC,0.0012396156089380383,3286,GGCACA,0.004353147465735674,2653,GACAGG,0.1537017971277237,False,False,True,0.00024706125259399414,GCGCAGAGGCGCCAGGACAGGCCCCCAGA
16,18,42,head_5,recovery,0.09033203125,0.0560569167137146,3287,GGCACC,3.134765625,3286,GGCACA,3.1328125,3287,GGCACC,3.134765625,3287,GGCACC,0.001216940232552588,3286,GGCACA,0.004418265074491501,2653,GACAGG,0.15525297820568085,True,False,True,0.00039017945528030396,GCGCAGAGGCGCCAGGACAGGCCCCCAGA
16,19,42,head_5,recovery,-0.0419921875,-0.07868361473083496,3287,GGCACC,3.0546875,3286,GGCACA,3.095703125,3286,GGCACA,3.095703125,3287,GGCACC,0.0011291146511211991,3286,GGCACA,0.004503684118390083,2653,GACAGG,0.1557534635066986,False,False,True,0.001079067587852478,GCGCAGAGGCGCCAGGACAGGCCCCCAGA
16,20,42,head_5,recovery,-0.1630859375,-0.05543386936187744,3287,GGCACC,3.04296875,3286,GGCACA,3.123046875,3286,GGCACA,3.123046875,3287,GGCACC,0.001094634411856532,3286,GGCACA,0.004439310170710087,2653,GACAGG,0.15258367359638214,False,False,True,-0.0001576840877532959,GCGCAGAGGCGCCAGGACAGGCCCCCAGA
16,21,42,head_5,recovery,-0.1748046875,-0.12163126468658447,3287,GGCACC,3.0390625,3286,GGCACA,3.123046875,3286,GGCACA,3.123046875,3287,GGCACC,0.0011230133241042495,3286,GGCACA,0.004552803467959166,2653,GACAGG,0.14710237085819244,False,False,True,-0.0006554499268531799,GCGCAGAGGCGCCAGGACAGGCCCCCAGA
16,22,42,head_5,recovery,-0.0546875,-0.07645058631896973,3287,GGCACC,3.09765625,3286,GGCACA,3.142578125,3286,GGCACA,3.142578125,3287,GGCACC,0.0011923088459298015,3286,GGCACA,0.00456400727853179,2653,GACAGG,0.14889787137508392,False,False,True,-0.0017046481370925903,GCGCAGAGGCGCCAGGACAGGCCCCCAGA
16,23,42,head_5,recovery,0.01806640625,-0.05237221717834473,3287,GGCACC,3.103515625,3286,GGCACA,3.125,3286,GGCACA,3.125,3287,GGCACC,0.0012103504268452525,3286,GGCACA,0.004551089834421873,2653,GACAGG,0.1571049988269806,False,False,True,-0.0014012381434440613,GCGCAGAGGCGCCAGGACAGGCCCCCAGA
16,24,42,head_5,recovery,0.02392578125,-0.024540066719055176,3287,GGCACC,3.125,3286,GGCACA,3.14453125,3286,GGCACA,3.14453125,3287,GGCACC,0.0012002020375803113,3286,GGCACA,0.004505155608057976,2653,GACAGG,0.1619095653295517,False,False,True,-0.002040281891822815,GCGCAGAGGCGCCAGGACAGGCCCCCAGA
16,25,42,head_5,recovery,0.005859375,-0.026829004287719727,3287,GGCACC,3.12109375,3286,GGCACA,3.146484375,3286,GGCACA,3.146484375,3287,GGCACC,0.0011942260898649693,3286,GGCACA,0.0045021227560937405,2653,GACAGG,0.15950855612754822,False,False,True,-0.0022969692945480347,GCGCAGAGGCGCCAGGACAGGCCCCCAGA
16,26,42,head_5,recovery,-0.005859375,0.03691422939300537,3287,GGCACC,3.1171875,3286,GGCACA,3.146484375,3286,GGCACA,3.146484375,3287,GGCACC,0.0011640327284112573,3286,GGCACA,0.004389970563352108,2653,GACAGG,0.16033761203289032,False,False,True,-0.0043531134724617004,GCGCAGAGGCGCCAGGACAGGCCCCCAGA
16,27,42,head_5,recovery,-0.005859375,0.07434362173080444,3287,GGCACC,3.1171875,3286,GGCACA,3.146484375,3286,GGCACA,3.146484375,3287,GGCACC,0.0011446934659034014,3286,GGCACA,0.00432250602170825,2653,GACAGG,0.1631038784980774,False,False,True,-0.004133298993110657,GCGCAGAGGCGCCAGGACAGGCCCCCAGA
16,28,42,head_5,recovery,-0.005859375,0.09647291898727417,3287,GGCACC,3.1171875,3286,GGCACA,3.146484375,3286,GGCACA,3.146484375,3287,GGCACC,0.001131553086452186,3286,GGCACA,0.0042809126898646355,2653,GACAGG,0.16294549405574799,False,False,True,-0.00331154465675354,GCGCAGAGGCGCCAGGACAGGCCCCCAGA
16,29,42,head_5,recovery,0.0,0.036364614963531494,3287,GGCACC,3.12109375,3286,GGCACA,3.1484375,3286,GGCACA,3.1484375,3287,GGCACC,0.00115797552280128,3286,GGCACA,0.004384620115160942,2653,GACAGG,0.16172610223293304,False,False,True,-0.0012275353074073792,GCGCAGAGGCGCCAGGACAGGCCCCCAGA
16,30,42,head_5,recovery,0.0,-0.012478232383728027,3287,GGCACC,3.12109375,3286,GGCACA,3.1484375,3286,GGCACA,3.1484375,3287,GGCACC,0.0011812231969088316,3286,GGCACA,0.004470668267458677,2653,GACAGG,0.15815021097660065,False,False,True,-0.0001333579421043396,GCGCAGAGGCGCCAGGACAGGCCCCCAGA
16,31,42,head_5,recovery,0.0,-0.03750312328338623,3287,GGCACC,3.12109375,3286,GGCACA,3.1484375,3286,GGCACA,3.1484375,3287,GGCACC,0.001193222589790821,3286,GGCACA,0.004514843691140413,2653,GACAGG,0.15723679959774017,False,False,True,-0.0002765059471130371,GCGCAGAGGCGCCAGGACAGGCCCCCAGA
16,32,42,head_5,recovery,0.005859375,-0.015637993812561035,3287,GGCACC,3.12109375,3286,GGCACA,3.146484375,3286,GGCACA,3.146484375,3287,GGCACC,0.0011901184916496277,3286,GGCACA,0.00448362622410059,2653,GACAGG,0.15733827650547028,False,False,True,4.5530498027801514e-05,GCGCAGAGGCGCCAGGACAGGCCCCCAGA
17,0,42,head_5,recovery,0.0,2.7894973754882812e-05,3287,GGCACC,3.12109375,3286,GGCACA,3.1484375,3286,GGCACA,3.1484375,3287,GGCACC,0.0011792104924097657,3286,GGCACA,0.004452575463801622,2653,GACAGG,0.158022940158844,False,False,True,-0.0014978647232055664,GCGCAGAGGCGCCAGGACAGGCCCCCAGA
17,1,42,head_5,recovery,0.0,3.981590270996094e-05,3287,GGCACC,3.12109375,3286,GGCACA,3.1484375,3286,GGCACA,3.1484375,3287,GGCACC,0.0011792047880589962,3286,GGCACA,0.0044525545090436935,2653,GACAGG,0.1580245941877365,False,False,True,-0.0019774511456489563,GCGCAGAGGCGCCAGGACAGGCCCCCAGA
17,2,42,head_5,recovery,0.0,3.731250762939453e-05,3287,GGCACC,3.12109375,3286,GGCACA,3.1484375,3286,GGCACA,3.1484375,3287,GGCACC,0.0011791816214099526,3286,GGCACA,0.004452534485608339,2653,GACAGG,0.1580263078212738,False,False,True,-0.0015306323766708374,GCGCAGAGGCGCCAGGACAGGCCCCCAGA
17,3,42,head_5,recovery,0.0,5.1081180572509766e-05,3287,GGCACC,3.12109375,3286,GGCACA,3.1484375,3286,GGCACA,3.1484375,3287,GGCACC,0.001179101993329823,3286,GGCACA,0.004452437162399292,2653,GACAGG,0.15803009271621704,False,False,True,-0.001199774444103241,GCGCAGAGGCGCCAGGACAGGCCCCCAGA
17,4,42,head_5,recovery,0.0,0.00010502338409423828,3287,GGCACC,3.12109375,3286,GGCACA,3.1484375,3286,GGCACA,3.1484375,3287,GGCACC,0.001179346232675016,3286,GGCACA,0.00445261225104332,2653,GACAGG,0.15801942348480225,False,False,True,-0.00032944977283477783,GCGCAGAGGCGCCAGGACAGGCCCCCAGA
17,5,42,head_5,recovery,0.0,-0.000179290771484375,3287,GGCACC,3.12109375,3286,GGCACA,3.1484375,3286,GGCACA,3.1484375,3287,GGCACC,0.0011800654465332627,3286,GGCACA,0.004453696776181459,2653,GACAGG,0.15798556804656982,False,False,True,1.2874603271484375e-05,GCGCAGAGGCGCCAGGACAGGCCCCCAGA
17,6,42,head_5,recovery,0.0,-0.0002923011779785156,3287,GGCACC,3.12109375,3286,GGCACA,3.1484375,3286,GGCACA,3.1484375,3287,GGCACC,0.0011802894296124578,3286,GGCACA,0.0044540660455822945,2653,GACAGG,0.15797457098960876,False,False,True,0.00030149519443511963,GCGCAGAGGCGCCAGGACAGGCCCCCAGA
17,7,42,head_5,recovery,0.0,0.0006515383720397949,3287,GGCACC,3.12109375,3286,GGCACA,3.1484375,3286,GGCACA,3.1484375,3287,GGCACC,0.0011776502942666411,3286,GGCACA,0.0044502136297523975,2653,GACAGG,0.1581006795167923,False,False,True,-0.0015537366271018982,GCGCAGAGGCGCCAGGACAGGCCCCCAGA
17,8,42,head_5,recovery,0.0,0.0012954473495483398,3287,GGCACC,3.12109375,3286,GGCACA,3.1484375,3286,GGCACA,3.1484375,3287,GGCACC,0.0011757169850170612,3286,GGCACA,0.004447452258318663,2653,GACAGG,0.15818831324577332,False,False,True,-0.0014175623655319214,GCGCAGAGGCGCCAGGACAGGCCCCCAGA
17,9,42,head_5,recovery,0.0,0.0018249750137329102,3287,GGCACC,3.12109375,3286,GGCACA,3.1484375,3286,GGCACA,3.1484375,3287,GGCACC,0.0011765211820602417,3286,GGCACA,0.004447575658559799,2653,GACAGG,0.15816132724285126,False,False,True,-0.0018399283289909363,GCGCAGAGGCGCCAGGACAGGCCCCCAGA
17,10,42,head_5,recovery,0.0,0.002631843090057373,3287,GGCACC,3.12109375,3286,GGCACA,3.1484375,3286,GGCACA,3.1484375,3287,GGCACC,0.0011798400664702058,3286,GGCACA,0.00444985693320632,2653,GACAGG,0.15805181860923767,False,False,True,0.00030340254306793213,GCGCAGAGGCGCCAGGACAGGCCCCCAGA
17,11,42,head_5,recovery,0.0,0.00207597017288208,3287,GGCACC,3.12109375,3286,GGCACA,3.1484375,3286,GGCACA,3.1484375,3287,GGCACC,0.00118287093937397,3286,GGCACA,0.004453602712601423,2653,GACAGG,0.15796294808387756,False,False,True,-0.0004341304302215576,GCGCAGAGGCGCCAGGACAGGCCCCCAGA
17,12,42,head_5,recovery,0.0,-0.003974199295043945,3287,GGCACC,3.12109375,3286,GGCACA,3.1484375,3286,GGCACA,3.1484375,3287,GGCACC,0.0011866947170346975,3286,GGCACA,0.00446520559489727,2653,GACAGG,0.1576872617006302,False,False,True,-0.00042469799518585205,GCGCAGAGGCGCCAGGACAGGCCCCCAGA
17,13,42,head_5,recovery,0.0,0.00013327598571777344,3287,GGCACC,3.12109375,3286,GGCACA,3.1484375,3286,GGCACA,3.1484375,3287,GGCACC,0.001184783293865621,3286,GGCACA,0.004458012990653515,2653,GACAGG,0.15769051015377045,False,False,True,-0.0012694671750068665,GCGCAGAGGCGCCAGGACAGGCCCCCAGA
17,14,42,head_5,recovery,0.0,-0.06961822509765625,3287,GGCACC,3.12109375,3286,GGCACA,3.1484375,3286,GGCACA,3.1484375,3287,GGCACC,0.0012199556222185493,3286,GGCACA,0.004582869354635477,2653,GACAGG,0.15534822642803192,False,False,True,-0.0012021958827972412,GCGCAGAGGCGCCAGGACAGGCCCCCAGA
17,15,42,head_5,recovery,0.0,-0.050702810287475586,3287,GGCACC,3.12109375,3286,GGCACA,3.1484375,3286,GGCACA,3.1484375,3287,GGCACC,0.001244962913915515,3286,GGCACA,0.004583555739372969,2653,GACAGG,0.1547374129295349,False,False,True,-0.0008736401796340942,GCGCAGAGGCGCCAGGACAGGCCCCCAGA
17,16,42,head_5,recovery,0.0,0.1140744686126709,3287,GGCACC,3.12109375,3286,GGCACA,3.1484375,3286,GGCACA,3.1484375,3287,GGCACC,0.0012290652375668287,3286,GGCACA,0.0043557933531701565,2653,GACAGG,0.15788502991199493,False,False,True,-0.000768907368183136,GCGCAGAGGCGCCAGGACAGGCCCCCAGA
17,17,42,head_5,recovery,0.0,-0.25009143352508545,3287,GGCACC,3.12109375,3286,GGCACA,3.1484375,3286,GGCACA,3.1484375,3287,GGCACC,0.001274835434742272,3286,GGCACA,0.004869794938713312,2653,GACAGG,0.15212233364582062,False,False,True,-0.00013806670904159546,GCGCAGAGGCGCCAGGACAGGCCCCCAGA
17,18,42,head_5,recovery,0.0,-0.08609890937805176,3287,GGCACC,3.12109375,3286,GGCACA,3.1484375,3286,GGCACA,3.1484375,3287,GGCACC,0.0011967697646468878,3286,GGCACA,0.004580873530358076,2653,GACAGG,0.15324684977531433,False,False,True,0.00028064101934432983,GCGCAGAGGCGCCAGGACAGGCCCCCAGA
17,19,42,head_5,recovery,0.0,-0.47635889053344727,3287,GGCACC,3.12109375,3286,GGCACA,3.1484375,3286,GGCACA,3.1484375,3287,GGCACC,0.0012187296524643898,3286,GGCACA,0.005104615818709135,2653,GACAGG,0.14458653330802917,False,False,True,0.00034148991107940674,GCGCAGAGGCGCCAGGACAGGCCCCCAGA
17,20,42,head_5,recovery,-0.060546875,0.018525898456573486,3287,GGCACC,3.009765625,3286,GGCACA,3.056640625,4626,TGCTCA,3.142578125,3287,GGCACC,0.001098907203413546,3286,GGCACA,0.004348488058894873,2653,GACAGG,0.13298293948173523,False,False,True,0.0006113797426223755,GCGCAGAGGCGCCAGGACAGGCCCCCAGA
17,21,42,head_5,recovery,-0.060546875,-0.08872401714324951,3287,GGCACC,3.009765625,3286,GGCACA,3.056640625,4626,TGCTCA,3.142578125,3287,GGCACC,0.001110013690777123,3286,GGCACA,0.00449749268591404,2653,GACAGG,0.13381963968276978,False,False,True,-0.0009728968143463135,GCGCAGAGGCGCCAGGACAGGCCCCCAGA
17,22,42,head_5,recovery,-0.060546875,0.1409030556678772,3287,GGCACC,3.009765625,3286,GGCACA,3.056640625,4626,TGCTCA,3.142578125,3287,GGCACC,0.0010848098900169134,3286,GGCACA,0.0041770427487790585,2653,GACAGG,0.1399463266134262,False,False,True,-0.0012143999338150024,GCGCAGAGGCGCCAGGACAGGCCCCCAGA
17,23,42,head_5,recovery,0.0,0.14686304330825806,3287,GGCACC,3.12109375,3286,GGCACA,3.1484375,3286,GGCACA,3.1484375,3287,GGCACC,0.0011111525818705559,3286,GGCACA,0.004195722285658121,2653,GACAGG,0.1620718389749527,False,False,True,-0.0014064759016036987,GCGCAGAGGCGCCAGGACAGGCCCCCAGA
17,24,42,head_5,recovery,0.0,0.11148512363433838,3287,GGCACC,3.12109375,3286,GGCACA,3.1484375,3286,GGCACA,3.1484375,3287,GGCACC,0.0011275616707280278,3286,GGCACA,0.00425761891528964,2653,GACAGG,0.1622369885444641,False,False,True,-0.00023584812879562378,GCGCAGAGGCGCCAGGACAGGCCCCCAGA
17,25,42,head_5,recovery,0.0,0.08094865083694458,3287,GGCACC,3.12109375,3286,GGCACA,3.1484375,3286,GGCACA,3.1484375,3287,GGCACC,0.0011417055502533913,3286,GGCACA,0.004311025608330965,2653,GACAGG,0.16138508915901184,False,False,True,-0.00031594187021255493,GCGCAGAGGCGCCAGGACAGGCCCCCAGA
17,26,42,head_5,recovery,0.0,0.03439372777938843,3287,GGCACC,3.12109375,3286,GGCACA,3.1484375,3286,GGCACA,3.1484375,3287,GGCACC,0.001163244480267167,3286,GGCACA,0.004392423201352358,2653,GACAGG,0.15947292745113373,False,False,True,-0.0010538771748542786,GCGCAGAGGCGCCAGGACAGGCCCCCAGA
17,27,42,head_5,recovery,0.0,0.004579424858093262,3287,GGCACC,3.12109375,3286,GGCACA,3.1484375,3286,GGCACA,3.1484375,3287,GGCACC,0.001177077880129218,3286,GGCACA,0.004444590769708157,2653,GACAGG,0.15769624710083008,False,False,True,-0.001354128122329712,GCGCAGAGGCGCCAGGACAGGCCCCCAGA
17,28,42,head_5,recovery,0.0,-0.00536954402923584,3287,GGCACC,3.12109375,3286,GGCACA,3.1484375,3286,GGCACA,3.1484375,3287,GGCACC,0.0011816861806437373,3286,GGCACA,0.004461991135030985,2653,GACAGG,0.15725669264793396,False,False,True,-0.0014427825808525085,GCGCAGAGGCGCCAGGACAGGCCCCCAGA
17,29,42,head_5,recovery,0.0,0.0013657212257385254,3287,GGCACC,3.12109375,3286,GGCACA,3.1484375,3286,GGCACA,3.1484375,3287,GGCACC,0.0011785418028011918,3286,GGCACA,0.004450186621397734,2653,GACAGG,0.1575145572423935,False,False,True,-0.0009520053863525391,GCGCAGAGGCGCCAGGACAGGCCCCCAGA
17,30,42,head_5,recovery,0.0,0.0075841546058654785,3287,GGCACC,3.12109375,3286,GGCACA,3.1484375,3286,GGCACA,3.1484375,3287,GGCACC,0.001175661920569837,3286,GGCACA,0.004439311567693949,2653,GACAGG,0.15823160111904144,False,False,True,-0.0008363798260688782,GCGCAGAGGCGCCAGGACAGGCCCCCAGA
17,31,42,head_5,recovery,0.0,0.011928319931030273,3287,GGCACC,3.12109375,3286,GGCACA,3.1484375,3286,GGCACA,3.1484375,3287,GGCACC,0.0011736740125343204,3286,GGCACA,0.004431738052517176,2653,GACAGG,0.15788213908672333,False,False,True,-0.0014040470123291016,GCGCAGAGGCGCCAGGACAGGCCCCCAGA
17,32,42,head_5,recovery,0.0,0.015694141387939453,3287,GGCACC,3.12109375,3286,GGCACA,3.1484375,3286,GGCACA,3.1484375,3287,GGCACC,0.0011719055473804474,3286,GGCACA,0.004425127524882555,2653,GACAGG,0.15732702612876892,False,False,True,-0.0014777332544326782,GCGCAGAGGCGCCAGGACAGGCCCCCAGA
