Layer,Time_Offset,Target_Timestep,Component,Metric_Mode,Logit_Score,Posteriors_Score,Target_Transition_Prior,Target_String_Prior,Target_Logit,Wrong_Transition_Prior,Wrong_String_Prior,Wrong_Logit,Actual_Argmax_Prior,Actual_String_Prior,Actual_Argmax_Logit,Target_Transition_Post,Target_String_Post,Target_Prob,Wrong_Transition_Post,Wrong_String_Post,Wrong_Prob,Actual_Transition_Post,actual_String_Post,actual_Prob,Is_Target_Logit_Argmax,Is_Target_Prob_Argmax,Should_Decode,Global_MSE_Change,New_String
0,0,65,head_3,recovery,0.00634765625,-0.03551459312438965,836,AGGCTA,1.6015625,4112,TATCGC,2.044921875,4112,TATCGC,2.044921875,595,ACTCTN,0.062131624668836594,565,ACTACN,0.1072113886475563,565,ACTACN,0.1072113886475563,False,False,True,-0.0005750358104705811,
0,1,65,head_3,recovery,0.0048828125,-0.03055882453918457,836,AGGCTA,1.599609375,4112,TATCGC,2.044921875,4112,TATCGC,2.044921875,595,ACTCTN,0.06203813850879669,565,ACTACN,0.10671411454677582,565,ACTACN,0.10671411454677582,False,False,True,-0.00032398104667663574,
0,2,65,head_3,recovery,0.00146484375,-0.019234418869018555,836,AGGCTA,1.60546875,4112,TATCGC,2.0546875,4112,TATCGC,2.0546875,595,ACTCTN,0.062373485416173935,565,ACTACN,0.10612677782773972,565,ACTACN,0.10612677782773972,False,False,True,0.0011803805828094482,
0,3,65,head_3,recovery,0.00244140625,-0.007362484931945801,836,AGGCTA,1.6005859375,4112,TATCGC,2.048828125,4112,TATCGC,2.048828125,595,ACTCTN,0.0623943917453289,565,ACTACN,0.10518038272857666,565,ACTACN,0.10518038272857666,False,False,True,0.0009374022483825684,
0,4,65,head_3,recovery,-0.0107421875,-0.0034456253051757812,836,AGGCTA,1.595703125,4112,TATCGC,2.060546875,4112,TATCGC,2.060546875,595,ACTCTN,0.06234470382332802,565,ACTACN,0.10481156408786774,565,ACTACN,0.10481156408786774,False,False,True,0.0012012720108032227,
0,5,65,head_3,recovery,-0.005859375,-0.00510406494140625,836,AGGCTA,1.5966796875,4112,TATCGC,2.0546875,4112,TATCGC,2.0546875,595,ACTCTN,0.06247013062238693,565,ACTACN,0.10507211089134216,565,ACTACN,0.10507211089134216,False,False,True,0.0007503926753997803,
0,6,65,head_3,recovery,0.00146484375,-0.007478117942810059,836,AGGCTA,1.599609375,4112,TATCGC,2.048828125,4112,TATCGC,2.048828125,595,ACTCTN,0.062577024102211,565,ACTACN,0.10537243634462357,565,ACTACN,0.10537243634462357,False,False,True,0.0004495978355407715,
0,7,65,head_3,recovery,0.00341796875,-0.008564233779907227,836,AGGCTA,1.60546875,4112,TATCGC,2.052734375,4112,TATCGC,2.052734375,595,ACTCTN,0.06232662498950958,565,ACTACN,0.10521052777767181,565,ACTACN,0.10521052777767181,False,False,True,0.0015621781349182129,
0,8,65,head_3,recovery,-0.0029296875,-0.0008044242858886719,836,AGGCTA,1.599609375,4112,TATCGC,2.0546875,4112,TATCGC,2.0546875,595,ACTCTN,0.0624987930059433,565,ACTACN,0.10475044697523117,565,ACTACN,0.10475044697523117,False,False,True,0.000840306282043457,
0,9,65,head_3,recovery,-0.0048828125,-0.0229647159576416,836,AGGCTA,1.595703125,4112,TATCGC,2.052734375,4112,TATCGC,2.052734375,595,ACTCTN,0.061976417899131775,565,ACTACN,0.10603364557027817,565,ACTACN,0.10603364557027817,False,False,True,0.00023895502090454102,
0,10,65,head_3,recovery,0.0048828125,-0.023692607879638672,836,AGGCTA,1.607421875,4112,TATCGC,2.052734375,4112,TATCGC,2.052734375,595,ACTCTN,0.062125999480485916,565,ACTACN,0.10624253004789352,565,ACTACN,0.10624253004789352,False,False,True,-0.0004917383193969727,
0,11,65,head_3,recovery,0.00537109375,-0.023806333541870117,836,AGGCTA,1.6064453125,4112,TATCGC,2.05078125,4112,TATCGC,2.05078125,595,ACTCTN,0.06181613728404045,565,ACTACN,0.10594193637371063,565,ACTACN,0.10594193637371063,False,False,True,-0.00029784440994262695,
0,12,65,head_3,recovery,0.00390625,-0.016139507293701172,836,AGGCTA,1.6005859375,4112,TATCGC,2.046875,4112,TATCGC,2.046875,595,ACTCTN,0.062168098986148834,565,ACTACN,0.10566922277212143,565,ACTACN,0.10566922277212143,False,False,True,0.0003293454647064209,
0,13,65,head_3,recovery,-0.005859375,-0.010745406150817871,836,AGGCTA,1.5966796875,4112,TATCGC,2.0546875,4112,TATCGC,2.0546875,595,ACTCTN,0.06226756423711777,565,ACTACN,0.10532918572425842,565,ACTACN,0.10532918572425842,False,False,True,0.0005732476711273193,
0,14,65,head_3,recovery,0.00146484375,-0.014375090599060059,836,AGGCTA,1.599609375,4112,TATCGC,2.048828125,4112,TATCGC,2.048828125,595,ACTCTN,0.06254104524850845,565,ACTACN,0.1058984100818634,565,ACTACN,0.1058984100818634,False,False,True,-7.984042167663574e-05,
0,15,65,head_3,recovery,0.00146484375,-0.009937286376953125,836,AGGCTA,1.599609375,4112,TATCGC,2.048828125,4112,TATCGC,2.048828125,595,ACTCTN,0.06266739964485168,565,ACTACN,0.10566318035125732,565,ACTACN,0.10566318035125732,False,False,True,0.0011410415172576904,
0,16,65,head_3,recovery,-0.001953125,-0.05330860614776611,836,AGGCTA,1.60546875,4112,TATCGC,2.05859375,4112,TATCGC,2.05859375,595,ACTCTN,0.06156516447663307,565,ACTACN,0.10809474438428879,565,ACTACN,0.10809474438428879,False,False,True,0.0028627514839172363,
0,17,65,head_3,recovery,-0.001953125,-0.015917181968688965,836,AGGCTA,1.599609375,4112,TATCGC,2.052734375,4112,TATCGC,2.052734375,595,ACTCTN,0.06223215535283089,565,ACTACN,0.10571517050266266,565,ACTACN,0.10571517050266266,False,False,True,0.0035877525806427,
0,18,65,head_3,recovery,-0.0048828125,0.00195997953414917,836,AGGCTA,1.603515625,4112,TATCGC,2.060546875,4112,TATCGC,2.060546875,595,ACTCTN,0.06287278234958649,565,ACTACN,0.10489919781684875,565,ACTACN,0.10489919781684875,False,False,True,0.006554156541824341,
0,19,65,head_3,recovery,0.00341796875,0.030819296836853027,836,AGGCTA,1.607421875,4112,TATCGC,2.0546875,4112,TATCGC,2.0546875,595,ACTCTN,0.06390603631734848,565,ACTACN,0.10358105599880219,565,ACTACN,0.10358105599880219,False,False,True,0.009184300899505615,
0,20,65,head_3,recovery,0.0,0.010255515575408936,836,AGGCTA,1.60546875,4112,TATCGC,2.056640625,4112,TATCGC,2.056640625,595,ACTCTN,0.06324049085378647,565,ACTACN,0.104591004550457,565,ACTACN,0.104591004550457,False,False,True,0.005255967378616333,
0,21,65,head_3,recovery,0.009765625,-0.01733529567718506,836,AGGCTA,1.607421875,4112,TATCGC,2.046875,4112,TATCGC,2.046875,595,ACTCTN,0.062344323843717575,565,ACTACN,0.10594288259744644,565,ACTACN,0.10594288259744644,False,False,True,0.001185685396194458,
0,22,65,head_3,recovery,0.0,-0.008134245872497559,836,AGGCTA,1.60546875,4112,TATCGC,2.056640625,4112,TATCGC,2.056640625,595,ACTCTN,0.06265284866094589,565,ACTACN,0.10550171881914139,565,ACTACN,0.10550171881914139,False,False,True,-0.003098905086517334,
0,23,65,head_3,recovery,0.0078125,-0.024707674980163574,836,AGGCTA,1.60546875,4112,TATCGC,2.046875,4112,TATCGC,2.046875,595,ACTCTN,0.06252479553222656,565,ACTACN,0.10672403872013092,565,ACTACN,0.10672403872013092,False,False,True,-0.0013371109962463379,
0,24,65,head_3,recovery,-0.0009765625,-0.015545845031738281,836,AGGCTA,1.6064453125,4112,TATCGC,2.05859375,4112,TATCGC,2.05859375,595,ACTCTN,0.06238774210214615,565,ACTACN,0.10584049671888351,565,ACTACN,0.10584049671888351,False,False,True,-0.00048026442527770996,
0,25,65,head_3,recovery,0.00146484375,-0.03520703315734863,836,AGGCTA,1.603515625,4112,TATCGC,2.052734375,4112,TATCGC,2.052734375,595,ACTCTN,0.0619015246629715,565,ACTACN,0.10695622861385345,565,ACTACN,0.10695622861385345,False,False,True,0.00025597214698791504,
0,26,65,head_3,recovery,-0.001953125,-0.00855255126953125,836,AGGCTA,1.5966796875,4112,TATCGC,2.05078125,4112,TATCGC,2.05078125,595,ACTCTN,0.06215064600110054,565,ACTACN,0.10503359884023666,565,ACTACN,0.10503359884023666,False,False,True,0.00010839104652404785,
0,27,65,head_3,recovery,0.01123046875,-0.017103910446166992,836,AGGCTA,1.609375,4112,TATCGC,2.046875,4112,TATCGC,2.046875,595,ACTCTN,0.06216974928975105,565,ACTACN,0.1057494580745697,565,ACTACN,0.1057494580745697,False,False,True,-0.0002792775630950928,
0,28,65,head_3,recovery,-0.0107421875,-0.0153731107711792,836,AGGCTA,1.591796875,4112,TATCGC,2.056640625,4112,TATCGC,2.056640625,595,ACTCTN,0.06177173927426338,565,ACTACN,0.10521042346954346,565,ACTACN,0.10521042346954346,False,False,True,0.0014965236186981201,
0,29,65,head_3,recovery,-0.0078125,0.010394036769866943,836,AGGCTA,1.59375,4112,TATCGC,2.0546875,4112,TATCGC,2.0546875,595,ACTCTN,0.06258907169103622,565,ACTACN,0.10392829775810242,565,ACTACN,0.10392829775810242,False,False,True,0.002090364694595337,
0,30,65,head_3,recovery,-0.017578125,0.0006087422370910645,836,AGGCTA,1.58203125,4112,TATCGC,2.0546875,4112,TATCGC,2.0546875,595,ACTCTN,0.06205592304468155,565,ACTACN,0.10419243574142456,565,ACTACN,0.10419243574142456,False,False,True,0.002128392457962036,
0,31,65,head_3,recovery,-0.01171875,0.0017473697662353516,836,AGGCTA,1.5830078125,4112,TATCGC,2.048828125,4112,TATCGC,2.048828125,595,ACTCTN,0.061902936547994614,565,ACTACN,0.10394667834043503,565,ACTACN,0.10394667834043503,False,False,True,0.001289069652557373,
0,32,65,head_3,recovery,-0.0107421875,-0.059409499168395996,836,AGGCTA,1.5869140625,4112,TATCGC,2.05078125,4112,TATCGC,2.05078125,595,ACTCTN,0.0612705759704113,565,ACTACN,0.10829724371433258,565,ACTACN,0.10829724371433258,False,False,True,-0.0009504854679107666,
0,33,65,head_3,recovery,-0.0146484375,-0.08195555210113525,836,AGGCTA,1.583984375,4112,TATCGC,2.052734375,4112,TATCGC,2.052734375,595,ACTCTN,0.061313461512327194,565,ACTACN,0.11017713695764542,565,ACTACN,0.11017713695764542,False,False,True,-0.0008949041366577148,
0,34,65,head_3,recovery,-0.001953125,-0.11063587665557861,836,AGGCTA,1.59375,4112,TATCGC,2.046875,4112,TATCGC,2.046875,595,ACTCTN,0.061236362904310226,565,ACTACN,0.11243685334920883,565,ACTACN,0.11243685334920883,False,False,True,-0.0006072819232940674,
1,0,65,head_3,recovery,-0.0068359375,-0.011600375175476074,836,AGGCTA,1.599609375,4112,TATCGC,2.05859375,4112,TATCGC,2.05859375,595,ACTCTN,0.0620553083717823,565,ACTACN,0.1051865965127945,565,ACTACN,0.1051865965127945,False,False,True,0.0012833774089813232,
1,1,65,head_3,recovery,-0.0107421875,-0.009128332138061523,836,AGGCTA,1.59375,4112,TATCGC,2.05859375,4112,TATCGC,2.05859375,595,ACTCTN,0.06208629906177521,565,ACTACN,0.10501616448163986,565,ACTACN,0.10501616448163986,False,False,True,0.0015715062618255615,
1,2,65,head_3,recovery,-0.0029296875,-0.015105724334716797,836,AGGCTA,1.59765625,4112,TATCGC,2.052734375,4112,TATCGC,2.052734375,595,ACTCTN,0.062394239008426666,565,ACTACN,0.10581113398075104,565,ACTACN,0.10581113398075104,False,False,True,0.0005557537078857422,
1,3,65,head_3,recovery,-0.0078125,-0.020799756050109863,836,AGGCTA,1.59375,4112,TATCGC,2.0546875,4112,TATCGC,2.0546875,595,ACTCTN,0.062019530683755875,565,ACTACN,0.1059003546833992,565,ACTACN,0.1059003546833992,False,False,True,0.0015372633934020996,
1,4,65,head_3,recovery,-0.00390625,-0.0009917020797729492,836,AGGCTA,1.5966796875,4112,TATCGC,2.052734375,4112,TATCGC,2.052734375,595,ACTCTN,0.06242923438549042,565,ACTACN,0.10469614714384079,565,ACTACN,0.10469614714384079,False,False,True,0.0013367235660552979,
1,5,65,head_3,recovery,-0.0068359375,-0.010120868682861328,836,AGGCTA,1.5966796875,4112,TATCGC,2.056640625,4112,TATCGC,2.056640625,595,ACTCTN,0.062205590307712555,565,ACTACN,0.10521633177995682,565,ACTACN,0.10521633177995682,False,False,True,0.0009393990039825439,
1,6,65,head_3,recovery,-0.0048828125,-0.020290017127990723,836,AGGCTA,1.59765625,4112,TATCGC,2.0546875,4112,TATCGC,2.0546875,595,ACTCTN,0.06192662566900253,565,ACTACN,0.1057659238576889,565,ACTACN,0.1057659238576889,False,False,True,0.0018883049488067627,
1,7,65,head_3,recovery,0.0,-0.02605462074279785,836,AGGCTA,1.599609375,4112,TATCGC,2.05078125,4112,TATCGC,2.05078125,595,ACTCTN,0.06176695600152016,565,ACTACN,0.10607593506574631,565,ACTACN,0.10607593506574631,False,False,True,0.002118140459060669,
1,8,65,head_3,recovery,0.00146484375,-0.01401519775390625,836,AGGCTA,1.603515625,4112,TATCGC,2.052734375,4112,TATCGC,2.052734375,595,ACTCTN,0.0622989721596241,565,ACTACN,0.10562701523303986,565,ACTACN,0.10562701523303986,False,False,True,0.001183837652206421,
1,9,65,head_3,recovery,-0.005859375,-0.012267231941223145,836,AGGCTA,1.5966796875,4112,TATCGC,2.0546875,4112,TATCGC,2.0546875,595,ACTCTN,0.06232815980911255,565,ACTACN,0.10551377385854721,565,ACTACN,0.10551377385854721,False,False,True,0.0016962885856628418,
1,10,65,head_3,recovery,-0.005859375,-0.00943148136138916,836,AGGCTA,1.5966796875,4112,TATCGC,2.0546875,4112,TATCGC,2.0546875,595,ACTCTN,0.06207800284028053,565,ACTACN,0.10503257066011429,565,ACTACN,0.10503257066011429,False,False,True,0.0008934140205383301,
1,11,65,head_3,recovery,-0.0087890625,-0.020871996879577637,836,AGGCTA,1.5966796875,4112,TATCGC,2.05859375,4112,TATCGC,2.05859375,595,ACTCTN,0.0619981624186039,565,ACTACN,0.10588487982749939,565,ACTACN,0.10588487982749939,False,False,True,0.0012523829936981201,
1,12,65,head_3,recovery,0.0078125,-0.0031415224075317383,836,AGGCTA,1.607421875,4112,TATCGC,2.048828125,4112,TATCGC,2.048828125,595,ACTCTN,0.06311675161123276,565,ACTACN,0.10555882751941681,565,ACTACN,0.10555882751941681,False,False,True,0.0008916556835174561,
1,13,65,head_3,recovery,0.0048828125,-0.004396915435791016,836,AGGCTA,1.60546875,4112,TATCGC,2.05078125,4112,TATCGC,2.05078125,595,ACTCTN,0.06266599148511887,565,ACTACN,0.10521034896373749,565,ACTACN,0.10521034896373749,False,False,True,0.0017844438552856445,
1,14,65,head_3,recovery,0.0,-0.0010933876037597656,836,AGGCTA,1.599609375,4112,TATCGC,2.05078125,4112,TATCGC,2.05078125,595,ACTCTN,0.06314392387866974,565,ACTACN,0.10541912168264389,565,ACTACN,0.10541912168264389,False,False,True,-0.0023620426654815674,
1,15,65,head_3,recovery,-0.0107421875,-0.015293478965759277,836,AGGCTA,1.59765625,4112,TATCGC,2.0625,4112,TATCGC,2.0625,595,ACTCTN,0.06195472180843353,565,ACTACN,0.10538691282272339,565,ACTACN,0.10538691282272339,False,False,True,-0.011272281408309937,
1,16,65,head_3,recovery,-0.0087890625,0.011766910552978516,836,AGGCTA,1.5908203125,4112,TATCGC,2.052734375,4112,TATCGC,2.052734375,595,ACTCTN,0.0628652274608612,565,ACTACN,0.10409259796142578,565,ACTACN,0.10409259796142578,False,False,True,-0.02011263370513916,
1,17,65,head_3,recovery,-0.001953125,-0.061429381370544434,836,AGGCTA,1.58203125,4112,TATCGC,2.03515625,4112,TATCGC,2.03515625,595,ACTCTN,0.06187582015991211,565,ACTACN,0.10906706005334854,565,ACTACN,0.10906706005334854,False,False,True,-0.0393390953540802,
1,18,65,head_3,recovery,0.009765625,-0.10824143886566162,836,AGGCTA,1.583984375,4112,TATCGC,2.0234375,4112,TATCGC,2.0234375,595,ACTCTN,0.06006580591201782,565,ACTACN,0.11107119917869568,565,ACTACN,0.11107119917869568,False,False,True,-0.053292155265808105,
1,19,65,head_3,recovery,0.07958984375,-0.08336162567138672,836,AGGCTA,1.6171875,4112,TATCGC,1.970703125,0,AAAAAN,2.0,595,ACTCTN,0.06156095862388611,565,ACTACN,0.11053919047117233,565,ACTACN,0.11053919047117233,False,False,True,-0.034725338220596313,
1,20,65,head_3,recovery,0.0859375,0.007750093936920166,836,AGGCTA,1.626953125,4112,TATCGC,1.97265625,0,AAAAAN,2.0,595,ACTCTN,0.06299496442079544,565,ACTACN,0.10454961657524109,565,ACTACN,0.10454961657524109,False,False,True,-0.01677224040031433,
1,21,65,head_3,recovery,0.05810546875,0.05144631862640381,836,AGGCTA,1.6201171875,4112,TATCGC,2.0,0,AAAAAN,2.0,595,ACTCTN,0.06686661392450333,565,ACTACN,0.10486099123954773,565,ACTACN,0.10486099123954773,False,False,True,0.010864853858947754,
1,22,65,head_3,recovery,-0.0263671875,0.023106098175048828,836,AGGCTA,1.5927734375,4112,TATCGC,2.076171875,4112,TATCGC,2.076171875,595,ACTCTN,0.063897043466568,565,ACTACN,0.10420051962137222,565,ACTACN,0.10420051962137222,False,False,True,0.010090529918670654,
1,23,65,head_3,recovery,-0.0068359375,-0.0024230480194091797,836,AGGCTA,1.607421875,4112,TATCGC,2.06640625,4112,TATCGC,2.06640625,595,ACTCTN,0.06413326412439346,565,ACTACN,0.10651680082082748,565,ACTACN,0.10651680082082748,False,False,True,0.013798415660858154,
1,24,65,head_3,recovery,0.00146484375,-0.0016176700592041016,836,AGGCTA,1.609375,4112,TATCGC,2.05859375,4112,TATCGC,2.05859375,595,ACTCTN,0.06330645829439163,565,ACTACN,0.10562437772750854,565,ACTACN,0.10562437772750854,False,False,True,0.005176275968551636,
1,25,65,head_3,recovery,-0.0048828125,0.008242487907409668,836,AGGCTA,1.6015625,4112,TATCGC,2.05859375,4112,TATCGC,2.05859375,595,ACTCTN,0.06291722506284714,565,ACTACN,0.10443175584077835,565,ACTACN,0.10443175584077835,False,False,True,0.0014803111553192139,
1,26,65,head_3,recovery,-0.0048828125,-0.0012693405151367188,836,AGGCTA,1.595703125,4112,TATCGC,2.052734375,4112,TATCGC,2.052734375,595,ACTCTN,0.06228833273053169,565,ACTACN,0.10457786917686462,565,ACTACN,0.10457786917686462,False,False,True,0.0007260441780090332,
1,27,65,head_3,recovery,0.009765625,-0.03851318359375,836,AGGCTA,1.609375,4112,TATCGC,2.048828125,4112,TATCGC,2.048828125,595,ACTCTN,0.0624910406768322,565,ACTACN,0.10781512409448624,565,ACTACN,0.10781512409448624,False,False,True,-0.00015944242477416992,
1,28,65,head_3,recovery,0.01416015625,-0.03200078010559082,836,AGGCTA,1.607421875,4112,TATCGC,2.041015625,4112,TATCGC,2.041015625,595,ACTCTN,0.062346648424863815,565,ACTACN,0.10714010894298553,565,ACTACN,0.10714010894298553,False,False,True,0.0010220110416412354,
1,29,65,head_3,recovery,0.00390625,-0.00924837589263916,836,AGGCTA,1.6005859375,4112,TATCGC,2.046875,4112,TATCGC,2.046875,595,ACTCTN,0.06242398917675018,565,ACTACN,0.1053636372089386,565,ACTACN,0.1053636372089386,False,False,True,0.0020082294940948486,
1,30,65,head_3,recovery,0.00732421875,-0.007479548454284668,836,AGGCTA,1.6005859375,4112,TATCGC,2.04296875,4112,TATCGC,2.04296875,595,ACTCTN,0.06213536113500595,565,ACTACN,0.10493089258670807,565,ACTACN,0.10493089258670807,False,False,True,0.002532392740249634,
1,31,65,head_3,recovery,0.0087890625,0.00647205114364624,836,AGGCTA,1.6025390625,4112,TATCGC,2.04296875,4112,TATCGC,2.04296875,595,ACTCTN,0.06283168494701385,565,ACTACN,0.10449046641588211,565,ACTACN,0.10449046641588211,False,False,True,0.0017087459564208984,
1,32,65,head_3,recovery,0.0185546875,0.007187306880950928,836,AGGCTA,1.6103515625,4112,TATCGC,2.0390625,4112,TATCGC,2.0390625,595,ACTCTN,0.06321485340595245,565,ACTACN,0.10481535643339157,565,ACTACN,0.10481535643339157,False,False,True,0.0012592971324920654,
1,33,65,head_3,recovery,0.00634765625,0.022519588470458984,836,AGGCTA,1.609375,4112,TATCGC,2.052734375,4112,TATCGC,2.052734375,595,ACTCTN,0.06331206858158112,565,ACTACN,0.10366333276033401,565,ACTACN,0.10366333276033401,False,False,True,0.0011109113693237305,
1,34,65,head_3,recovery,0.017578125,-0.00939786434173584,836,AGGCTA,1.619140625,4112,TATCGC,2.048828125,4112,TATCGC,2.048828125,595,ACTCTN,0.06326141953468323,565,ACTACN,0.10621324926614761,565,ACTACN,0.10621324926614761,False,False,True,-0.001715153455734253,
2,0,65,head_3,recovery,0.01123046875,-0.028313755989074707,836,AGGCTA,1.60546875,4112,TATCGC,2.04296875,4112,TATCGC,2.04296875,595,ACTCTN,0.06190140172839165,565,ACTACN,0.1063944548368454,565,ACTACN,0.1063944548368454,False,False,True,0.00380900502204895,
2,1,65,head_3,recovery,0.0205078125,-0.021252036094665527,836,AGGCTA,1.607421875,4112,TATCGC,2.033203125,4112,TATCGC,2.033203125,595,ACTCTN,0.0621219202876091,565,ACTACN,0.10603959858417511,565,ACTACN,0.10603959858417511,False,False,True,0.005312085151672363,
2,2,65,head_3,recovery,0.00244140625,-0.004086613655090332,836,AGGCTA,1.6005859375,4112,TATCGC,2.048828125,4112,TATCGC,2.048828125,595,ACTCTN,0.0626760795712471,565,ACTACN,0.10519515722990036,565,ACTACN,0.10519515722990036,False,False,True,0.0037629008293151855,
2,3,65,head_3,recovery,0.0078125,0.00512385368347168,836,AGGCTA,1.60546875,4112,TATCGC,2.046875,4112,TATCGC,2.046875,595,ACTCTN,0.06327559798955917,565,ACTACN,0.10504423081874847,565,ACTACN,0.10504423081874847,False,False,True,0.0018121600151062012,
2,4,65,head_3,recovery,-0.001953125,-0.012056827545166016,836,AGGCTA,1.6015625,4112,TATCGC,2.0546875,4112,TATCGC,2.0546875,595,ACTCTN,0.06282248347997665,565,ACTACN,0.10599096119403839,565,ACTACN,0.10599096119403839,False,False,True,0.0015020370483398438,
2,5,65,head_3,recovery,-0.0029296875,-0.040761709213256836,836,AGGCTA,1.609375,4112,TATCGC,2.064453125,4112,TATCGC,2.064453125,595,ACTCTN,0.06178295984864235,565,ACTACN,0.10729025304317474,565,ACTACN,0.10729025304317474,False,False,True,0.0008785724639892578,
2,6,65,head_3,recovery,-0.001953125,-0.018325328826904297,836,AGGCTA,1.6005859375,4112,TATCGC,2.0546875,4112,TATCGC,2.0546875,595,ACTCTN,0.06187577545642853,565,ACTACN,0.1055549904704094,565,ACTACN,0.1055549904704094,False,False,True,0.0032608509063720703,
2,7,65,head_3,recovery,-0.001953125,-0.007927536964416504,836,AGGCTA,1.59375,4112,TATCGC,2.046875,4112,TATCGC,2.046875,595,ACTCTN,0.06182708591222763,565,ACTACN,0.10465911775827408,565,ACTACN,0.10465911775827408,False,False,True,0.003379255533218384,
2,8,65,head_3,recovery,0.0009765625,0.0046149492263793945,836,AGGCTA,1.5927734375,4112,TATCGC,2.04296875,4112,TATCGC,2.04296875,595,ACTCTN,0.061876073479652405,565,ACTACN,0.10368616878986359,565,ACTACN,0.10368616878986359,False,False,True,0.003388702869415283,
2,9,65,head_3,recovery,0.01171875,-0.023972034454345703,836,AGGCTA,1.5966796875,4112,TATCGC,2.033203125,4112,TATCGC,2.033203125,595,ACTCTN,0.06169935315847397,565,ACTACN,0.10583864897489548,565,ACTACN,0.10583864897489548,False,False,True,0.003973633050918579,
2,10,65,head_3,recovery,0.02880859375,-0.04244863986968994,836,AGGCTA,1.607421875,4112,TATCGC,2.0234375,4112,TATCGC,2.0234375,595,ACTCTN,0.062226757407188416,565,ACTACN,0.10787149518728256,565,ACTACN,0.10787149518728256,False,False,True,0.0027622580528259277,
2,11,65,head_3,recovery,0.025390625,-0.05968737602233887,836,AGGCTA,1.61328125,4112,TATCGC,2.033203125,4112,TATCGC,2.033203125,595,ACTCTN,0.0626320093870163,565,ACTACN,0.10968132317066193,565,ACTACN,0.10968132317066193,False,False,True,0.003830552101135254,
2,12,65,head_3,recovery,0.025390625,-0.042966246604919434,836,AGGCTA,1.615234375,4112,TATCGC,2.03515625,4112,TATCGC,2.03515625,595,ACTCTN,0.06267698854207993,565,ACTACN,0.10836389660835266,565,ACTACN,0.10836389660835266,False,False,True,0.0028305649757385254,
2,13,65,head_3,recovery,0.0087890625,-0.03663599491119385,836,AGGCTA,1.6123046875,4112,TATCGC,2.052734375,4112,TATCGC,2.052734375,595,ACTCTN,0.06214476004242897,565,ACTACN,0.10731589049100876,565,ACTACN,0.10731589049100876,False,False,True,0.0029082894325256348,
2,14,65,head_3,recovery,0.0078125,0.00016075372695922852,836,AGGCTA,1.61328125,4112,TATCGC,2.0546875,4112,TATCGC,2.0546875,595,ACTCTN,0.0633065402507782,565,ACTACN,0.10547955334186554,565,ACTACN,0.10547955334186554,False,False,True,0.002113252878189087,
2,15,65,head_3,recovery,0.01416015625,0.03494441509246826,836,AGGCTA,1.61328125,4112,TATCGC,2.046875,4112,TATCGC,2.046875,595,ACTCTN,0.0647570863366127,565,ACTACN,0.10409600287675858,565,ACTACN,0.10409600287675858,False,False,True,0.002257823944091797,
2,16,65,head_3,recovery,0.00732421875,0.06413120031356812,836,AGGCTA,1.6064453125,4112,TATCGC,2.048828125,4112,TATCGC,2.048828125,595,ACTCTN,0.06482914090156555,565,ACTACN,0.10178998112678528,565,ACTACN,0.10178998112678528,False,False,True,0.0022822320461273193,
2,17,65,head_3,recovery,0.01904296875,0.011949896812438965,836,AGGCTA,1.611328125,4112,TATCGC,2.0390625,4112,TATCGC,2.0390625,595,ACTCTN,0.06406702101230621,565,ACTACN,0.10527948290109634,565,ACTACN,0.10527948290109634,False,False,True,0.0013887584209442139,
2,18,65,head_3,recovery,0.0078125,0.0035456418991088867,836,AGGCTA,1.607421875,4112,TATCGC,2.048828125,4112,TATCGC,2.048828125,595,ACTCTN,0.06341200321912766,565,ACTACN,0.10530922561883926,565,ACTACN,0.10530922561883926,False,False,True,0.0015743076801300049,
2,19,65,head_3,recovery,0.021484375,-0.0063686370849609375,836,AGGCTA,1.6201171875,4112,TATCGC,2.044921875,4112,TATCGC,2.044921875,595,ACTCTN,0.06341869384050369,565,ACTACN,0.10612370818853378,565,ACTACN,0.10612370818853378,False,False,True,0.00400853157043457,
2,20,65,head_3,recovery,0.02001953125,-0.01893174648284912,836,AGGCTA,1.6201171875,4112,TATCGC,2.046875,4112,TATCGC,2.046875,595,ACTCTN,0.06360669434070587,565,ACTACN,0.10733532160520554,565,ACTACN,0.10733532160520554,False,False,True,0.00770115852355957,
2,21,65,head_3,recovery,0.01904296875,-0.02151811122894287,836,AGGCTA,1.623046875,4112,TATCGC,2.05078125,4112,TATCGC,2.05078125,595,ACTCTN,0.06272228062152863,565,ACTACN,0.10666164010763168,565,ACTACN,0.10666164010763168,False,False,True,0.005808979272842407,
2,22,65,head_3,recovery,0.01611328125,-0.022254586219787598,836,AGGCTA,1.62109375,4112,TATCGC,2.052734375,4112,TATCGC,2.052734375,595,ACTCTN,0.06328775733709335,565,ACTACN,0.10728712379932404,565,ACTACN,0.10728712379932404,False,False,True,0.005578070878982544,
2,23,65,head_3,recovery,0.0078125,-0.05409836769104004,836,AGGCTA,1.625,4112,TATCGC,2.06640625,4112,TATCGC,2.06640625,595,ACTCTN,0.06274493038654327,565,ACTACN,0.10933885723352432,565,ACTACN,0.10933885723352432,False,False,True,0.003586888313293457,
2,24,65,head_3,recovery,0.01123046875,-0.05131351947784424,836,AGGCTA,1.626953125,4112,TATCGC,2.064453125,4112,TATCGC,2.064453125,595,ACTCTN,0.06245950981974602,565,ACTACN,0.10882653295993805,565,ACTACN,0.10882653295993805,False,False,True,0.004196256399154663,
2,25,65,head_3,recovery,0.00390625,-0.038550615310668945,836,AGGCTA,1.6162109375,4112,TATCGC,2.0625,4112,TATCGC,2.0625,595,ACTCTN,0.06223073974251747,565,ACTACN,0.10755787789821625,565,ACTACN,0.10755787789821625,False,False,True,0.0011851191520690918,
2,26,65,head_3,recovery,0.01416015625,-0.015696167945861816,836,AGGCTA,1.609375,4112,TATCGC,2.04296875,4112,TATCGC,2.04296875,595,ACTCTN,0.06285787373781204,565,ACTACN,0.10632287710905075,565,ACTACN,0.10632287710905075,False,False,True,0.0006553828716278076,
2,27,65,head_3,recovery,0.00341796875,-0.05025160312652588,836,AGGCTA,1.59765625,4112,TATCGC,2.044921875,4112,TATCGC,2.044921875,595,ACTCTN,0.06237869709730148,565,ACTACN,0.10865920037031174,565,ACTACN,0.10865920037031174,False,False,True,-0.0021380484104156494,
2,28,65,head_3,recovery,0.00341796875,-0.06544363498687744,836,AGGCTA,1.615234375,4112,TATCGC,2.0625,4112,TATCGC,2.0625,595,ACTCTN,0.06266000121831894,565,ACTACN,0.11017831414937973,565,ACTACN,0.11017831414937973,False,False,True,-0.0014889240264892578,
2,29,65,head_3,recovery,0.0078125,-0.12930059432983398,836,AGGCTA,1.623046875,4112,TATCGC,2.064453125,4112,TATCGC,2.064453125,595,ACTCTN,0.061502762138843536,565,ACTACN,0.11422400921583176,565,ACTACN,0.11422400921583176,False,False,True,-0.0028842389583587646,
2,30,65,head_3,recovery,0.00732421875,-0.11093974113464355,836,AGGCTA,1.6259765625,4112,TATCGC,2.068359375,4112,TATCGC,2.068359375,595,ACTCTN,0.06146765872836113,565,ACTACN,0.11269289255142212,565,ACTACN,0.11269289255142212,False,False,True,-0.0016049742698669434,
2,31,65,head_3,recovery,0.0126953125,-0.09080874919891357,836,AGGCTA,1.609375,4112,TATCGC,2.044921875,4112,TATCGC,2.044921875,595,ACTCTN,0.06254096329212189,565,ACTACN,0.11212597042322159,565,ACTACN,0.11212597042322159,False,False,True,-0.003237426280975342,
2,32,65,head_3,recovery,-0.00390625,-0.0266115665435791,836,AGGCTA,1.5908203125,4112,TATCGC,2.046875,4112,TATCGC,2.046875,595,ACTCTN,0.06336163729429245,565,ACTACN,0.10771600157022476,565,ACTACN,0.10771600157022476,False,False,True,-0.002107471227645874,
2,33,65,head_3,recovery,0.01123046875,-0.009731054306030273,836,AGGCTA,1.6015625,4112,TATCGC,2.0390625,4112,TATCGC,2.0390625,595,ACTCTN,0.06381586194038391,565,ACTACN,0.10679484158754349,565,ACTACN,0.10679484158754349,False,False,True,-0.002397865056991577,
2,34,65,head_3,recovery,0.02392578125,-0.01229393482208252,836,AGGCTA,1.62109375,4112,TATCGC,2.04296875,4112,TATCGC,2.04296875,595,ACTCTN,0.06364018470048904,565,ACTACN,0.1068279817700386,565,ACTACN,0.1068279817700386,False,False,True,-0.001655876636505127,
3,0,65,head_3,recovery,0.01123046875,-0.01054680347442627,836,AGGCTA,1.615234375,4112,TATCGC,2.052734375,4112,TATCGC,2.052734375,595,ACTCTN,0.06279157102108002,565,ACTACN,0.10583700984716415,565,ACTACN,0.10583700984716415,False,False,True,0.0004406869411468506,
3,1,65,head_3,recovery,-0.0029296875,0.0012211203575134277,836,AGGCTA,1.603515625,4112,TATCGC,2.05859375,4112,TATCGC,2.05859375,595,ACTCTN,0.06234899163246155,565,ACTACN,0.10443560779094696,565,ACTACN,0.10443560779094696,False,False,True,0.0008173286914825439,
3,2,65,head_3,recovery,-0.0126953125,0.021931231021881104,836,AGGCTA,1.595703125,4112,TATCGC,2.0625,4112,TATCGC,2.0625,595,ACTCTN,0.06210886314511299,565,ACTACN,0.1025080606341362,565,ACTACN,0.1025080606341362,False,False,True,0.0017840564250946045,
3,3,65,head_3,recovery,-0.0224609375,0.01514124870300293,836,AGGCTA,1.59375,4112,TATCGC,2.072265625,4112,TATCGC,2.072265625,595,ACTCTN,0.06207726150751114,565,ACTACN,0.10302969813346863,565,ACTACN,0.10302969813346863,False,False,True,0.0019005835056304932,
3,4,65,head_3,recovery,-0.017578125,-0.016463518142700195,836,AGGCTA,1.595703125,4112,TATCGC,2.068359375,4112,TATCGC,2.068359375,595,ACTCTN,0.06198051944375038,565,ACTACN,0.10550804436206818,565,ACTACN,0.10550804436206818,False,False,True,-0.00023922324180603027,
3,5,65,head_3,recovery,0.0,-0.025600671768188477,836,AGGCTA,1.603515625,4112,TATCGC,2.0546875,4112,TATCGC,2.0546875,595,ACTCTN,0.06210511550307274,565,ACTACN,0.10637711733579636,565,ACTACN,0.10637711733579636,False,False,True,-0.001440584659576416,
3,6,65,head_3,recovery,0.02880859375,-0.05004692077636719,836,AGGCTA,1.611328125,4112,TATCGC,2.02734375,4112,TATCGC,2.02734375,595,ACTCTN,0.06184130534529686,565,ACTACN,0.1081051304936409,565,ACTACN,0.1081051304936409,False,False,True,-0.0019032657146453857,
3,7,65,head_3,recovery,0.03515625,-0.042629122734069824,836,AGGCTA,1.6015625,4112,TATCGC,2.009765625,4112,TATCGC,2.009765625,595,ACTCTN,0.06147991865873337,565,ACTACN,0.10713935643434525,565,ACTACN,0.10713935643434525,False,False,True,-0.000311434268951416,
3,8,65,head_3,recovery,0.0732421875,-0.089913010597229,836,AGGCTA,1.6171875,4112,TATCGC,1.978515625,0,AAAAAN,2.0,595,ACTCTN,0.06188832223415375,565,ACTACN,0.11140035092830658,565,ACTACN,0.11140035092830658,False,False,True,0.001891016960144043,
3,9,65,head_3,recovery,0.0576171875,-0.057906270027160645,836,AGGCTA,1.61328125,4112,TATCGC,1.994140625,0,AAAAAN,2.0,595,ACTCTN,0.062228377908468246,565,ACTACN,0.1091325581073761,565,ACTACN,0.1091325581073761,False,False,True,0.0038773715496063232,
3,10,65,head_3,recovery,0.06396484375,-0.0660470724105835,836,AGGCTA,1.62109375,4112,TATCGC,1.994140625,0,AAAAAN,2.0,595,ACTCTN,0.06258969753980637,565,ACTACN,0.11015718430280685,565,ACTACN,0.11015718430280685,False,False,True,0.002455681562423706,
3,11,65,head_3,recovery,0.0166015625,-0.029416441917419434,836,AGGCTA,1.5966796875,4112,TATCGC,2.02734375,4112,TATCGC,2.02734375,595,ACTCTN,0.06308147311210632,565,ACTACN,0.10766437649726868,565,ACTACN,0.10766437649726868,False,False,True,0.0018959641456604004,
3,12,65,head_3,recovery,0.01904296875,-0.016244053840637207,836,AGGCTA,1.59375,4112,TATCGC,2.021484375,4112,TATCGC,2.021484375,595,ACTCTN,0.06296239048242569,565,ACTACN,0.10647203028202057,565,ACTACN,0.10647203028202057,False,False,True,0.003160715103149414,
3,13,65,head_3,recovery,0.00634765625,-0.012686371803283691,836,AGGCTA,1.583984375,4112,TATCGC,2.02734375,4112,TATCGC,2.02734375,595,ACTCTN,0.0624077133834362,565,ACTACN,0.10562748461961746,565,ACTACN,0.10562748461961746,False,False,True,0.0020269453525543213,
3,14,65,head_3,recovery,-0.0029296875,-0.09084796905517578,836,AGGCTA,1.580078125,4112,TATCGC,2.03515625,4112,TATCGC,2.03515625,595,ACTCTN,0.06075781211256981,565,ACTACN,0.11034601926803589,565,ACTACN,0.11034601926803589,False,False,True,-0.0023086071014404297,
3,15,65,head_3,recovery,-0.0244140625,-0.10521447658538818,836,AGGCTA,1.5810546875,4112,TATCGC,2.0625,4112,TATCGC,2.0625,595,ACTCTN,0.06114168092608452,565,ACTACN,0.1119004413485527,565,ACTACN,0.1119004413485527,False,False,True,-0.009795725345611572,
3,16,65,head_3,recovery,-0.0224609375,-0.0781334638595581,836,AGGCTA,1.587890625,4112,TATCGC,2.06640625,4112,TATCGC,2.06640625,595,ACTCTN,0.06215542182326317,565,ACTACN,0.11070767790079117,565,ACTACN,0.11070767790079117,False,False,True,-0.009592413902282715,
3,17,65,head_3,recovery,-0.0302734375,-0.005039215087890625,836,AGGCTA,1.59375,4112,TATCGC,2.08203125,4112,TATCGC,2.08203125,595,ACTCTN,0.06284741312265396,565,ACTACN,0.10544411092996597,565,ACTACN,0.10544411092996597,False,False,True,-0.004814565181732178,
3,18,65,head_3,recovery,-0.0205078125,0.009664177894592285,836,AGGCTA,1.595703125,4112,TATCGC,2.072265625,4112,TATCGC,2.072265625,595,ACTCTN,0.06300991028547287,565,ACTACN,0.10440860688686371,565,ACTACN,0.10440860688686371,False,False,True,0.0009431242942810059,
3,19,65,head_3,recovery,-0.0029296875,0.028063595294952393,836,AGGCTA,1.599609375,4112,TATCGC,2.0546875,4112,TATCGC,2.0546875,595,ACTCTN,0.0628865510225296,565,ACTACN,0.1027861014008522,565,ACTACN,0.1027861014008522,False,False,True,0.0006238818168640137,
3,20,65,head_3,recovery,-0.0078125,8.344650268554688e-07,836,AGGCTA,1.59375,4112,TATCGC,2.0546875,4112,TATCGC,2.0546875,595,ACTCTN,0.06237578019499779,565,ACTACN,0.10456182062625885,565,ACTACN,0.10456182062625885,False,False,True,-0.0016593337059020996,
3,21,65,head_3,recovery,-0.0126953125,0.0019902586936950684,836,AGGCTA,1.591796875,4112,TATCGC,2.05859375,4112,TATCGC,2.05859375,595,ACTCTN,0.06210322678089142,565,ACTACN,0.1041271761059761,565,ACTACN,0.1041271761059761,False,False,True,-0.00427401065826416,
3,22,65,head_3,recovery,-0.015625,-0.030639290809631348,836,AGGCTA,1.59765625,4112,TATCGC,2.068359375,4112,TATCGC,2.068359375,595,ACTCTN,0.062103837728500366,565,ACTACN,0.10678637027740479,565,ACTACN,0.10678637027740479,False,False,True,-0.005906969308853149,
3,23,65,head_3,recovery,-0.0048828125,-0.02436375617980957,836,AGGCTA,1.60546875,4112,TATCGC,2.0625,4112,TATCGC,2.0625,595,ACTCTN,0.0623403899371624,565,ACTACN,0.10651160776615143,565,ACTACN,0.10651160776615143,False,False,True,-0.00469854474067688,
3,24,65,head_3,recovery,0.0,-0.006658196449279785,836,AGGCTA,1.603515625,4112,TATCGC,2.0546875,4112,TATCGC,2.0546875,595,ACTCTN,0.06302773952484131,565,ACTACN,0.10575634241104126,565,ACTACN,0.10575634241104126,False,False,True,-0.00411561131477356,
3,25,65,head_3,recovery,0.013671875,-0.004578590393066406,836,AGGCTA,1.6123046875,4112,TATCGC,2.046875,4112,TATCGC,2.046875,595,ACTCTN,0.06330529600381851,565,ACTACN,0.10586446523666382,565,ACTACN,0.10586446523666382,False,False,True,-0.001435399055480957,
3,26,65,head_3,recovery,0.00341796875,-0.02089691162109375,836,AGGCTA,1.6015625,4112,TATCGC,2.048828125,4112,TATCGC,2.048828125,595,ACTCTN,0.06291081756353378,565,ACTACN,0.10679956525564194,565,ACTACN,0.10679956525564194,False,False,True,-0.0020166337490081787,
3,27,65,head_3,recovery,0.00146484375,-0.0791398286819458,836,AGGCTA,1.609375,4112,TATCGC,2.05859375,4112,TATCGC,2.05859375,595,ACTCTN,0.061688315123319626,565,ACTACN,0.11032256484031677,565,ACTACN,0.11032256484031677,False,False,True,-0.003309965133666992,
3,28,65,head_3,recovery,0.009765625,-0.22220921516418457,836,AGGCTA,1.625,4112,TATCGC,2.064453125,4112,TATCGC,2.064453125,595,ACTCTN,0.06029694154858589,565,ACTACN,0.12058817595243454,565,ACTACN,0.12058817595243454,False,False,True,-0.005744963884353638,
3,29,65,head_3,recovery,0.0205078125,-0.18592917919158936,836,AGGCTA,1.640625,4112,TATCGC,2.06640625,4112,TATCGC,2.06640625,595,ACTCTN,0.061660997569561005,565,ACTACN,0.11899621039628983,565,ACTACN,0.11899621039628983,False,False,True,-0.0028804540634155273,
3,30,65,head_3,recovery,0.0224609375,-0.082511305809021,836,AGGCTA,1.630859375,4112,TATCGC,2.0546875,4112,TATCGC,2.0546875,595,ACTCTN,0.06368716806173325,565,ACTACN,0.11259612441062927,565,ACTACN,0.11259612441062927,False,False,True,-0.0007017850875854492,
3,31,65,head_3,recovery,0.0390625,0.054615557193756104,836,AGGCTA,1.6318359375,4112,TATCGC,2.03515625,4112,TATCGC,2.03515625,595,ACTCTN,0.06522438675165176,565,ACTACN,0.10296054184436798,565,ACTACN,0.10296054184436798,False,False,True,-0.0003013908863067627,
3,32,65,head_3,recovery,0.060546875,-0.013438224792480469,836,AGGCTA,1.638671875,4112,TATCGC,2.015625,4112,TATCGC,2.015625,595,ACTCTN,0.06480400264263153,565,ACTACN,0.1080850288271904,565,ACTACN,0.1080850288271904,False,False,True,-0.0004483461380004883,
3,33,65,head_3,recovery,0.07421875,-0.07268929481506348,836,AGGCTA,1.6513671875,4112,TATCGC,2.01171875,4112,TATCGC,2.01171875,595,ACTCTN,0.06394211202859879,565,ACTACN,0.11205078661441803,565,ACTACN,0.11205078661441803,False,False,True,-0.0013057291507720947,
3,34,65,head_3,recovery,0.04296875,-0.11845171451568604,836,AGGCTA,1.626953125,4112,TATCGC,2.025390625,4112,TATCGC,2.025390625,595,ACTCTN,0.06264085322618484,565,ACTACN,0.11447815597057343,565,ACTACN,0.11447815597057343,False,False,True,-0.0016672015190124512,
4,0,65,head_3,recovery,0.0048828125,-0.010805368423461914,836,AGGCTA,1.6015625,4112,TATCGC,2.046875,4112,TATCGC,2.046875,595,ACTCTN,0.06239334121346474,565,ACTACN,0.10545984655618668,565,ACTACN,0.10545984655618668,False,False,True,0.00045356154441833496,
4,1,65,head_3,recovery,-0.005859375,-0.002199411392211914,836,AGGCTA,1.5966796875,4112,TATCGC,2.0546875,4112,TATCGC,2.0546875,595,ACTCTN,0.06235053390264511,565,ACTACN,0.10471584647893906,565,ACTACN,0.10471584647893906,False,False,True,0.0012231767177581787,
4,2,65,head_3,recovery,-0.0068359375,-0.002741217613220215,836,AGGCTA,1.599609375,4112,TATCGC,2.05859375,4112,TATCGC,2.05859375,595,ACTCTN,0.06244610622525215,565,ACTACN,0.10485555976629257,565,ACTACN,0.10485555976629257,False,False,True,0.0010357797145843506,
4,3,65,head_3,recovery,-0.001953125,-0.00942373275756836,836,AGGCTA,1.599609375,4112,TATCGC,2.052734375,4112,TATCGC,2.052734375,595,ACTCTN,0.0623466894030571,565,ACTACN,0.10530062764883041,565,ACTACN,0.10530062764883041,False,False,True,0.0011277198791503906,
4,4,65,head_3,recovery,-0.001953125,-0.005709648132324219,836,AGGCTA,1.60546875,4112,TATCGC,2.05859375,4112,TATCGC,2.05859375,595,ACTCTN,0.06234759837388992,565,ACTACN,0.10499891638755798,565,ACTACN,0.10499891638755798,False,False,True,-0.00025963783264160156,
4,5,65,head_3,recovery,0.00146484375,-0.015455484390258789,836,AGGCTA,1.60546875,4112,TATCGC,2.0546875,4112,TATCGC,2.0546875,595,ACTCTN,0.06253281235694885,565,ACTACN,0.10597819834947586,565,ACTACN,0.10597819834947586,False,False,True,-0.000694572925567627,
4,6,65,head_3,recovery,-0.005859375,-0.01456141471862793,836,AGGCTA,1.6005859375,4112,TATCGC,2.05859375,4112,TATCGC,2.05859375,595,ACTCTN,0.06225407123565674,565,ACTACN,0.10562661290168762,565,ACTACN,0.10562661290168762,False,False,True,-0.000399857759475708,
4,7,65,head_3,recovery,-0.0068359375,0.0030179619789123535,836,AGGCTA,1.5966796875,4112,TATCGC,2.056640625,4112,TATCGC,2.056640625,595,ACTCTN,0.06271036714315414,565,ACTACN,0.10465057939291,565,ACTACN,0.10465057939291,False,False,True,-0.0004170835018157959,
4,8,65,head_3,recovery,-0.00390625,-0.013351678848266602,836,AGGCTA,1.6025390625,4112,TATCGC,2.05859375,4112,TATCGC,2.05859375,595,ACTCTN,0.06232784688472748,565,ACTACN,0.10560182482004166,565,ACTACN,0.10560182482004166,False,False,True,-0.00044205784797668457,
4,9,65,head_3,recovery,0.0,-0.017890572547912598,836,AGGCTA,1.6015625,4112,TATCGC,2.052734375,4112,TATCGC,2.052734375,595,ACTCTN,0.06213459372520447,565,ACTACN,0.10577838867902756,565,ACTACN,0.10577838867902756,False,False,True,5.030632019042969e-05,
4,10,65,head_3,recovery,0.00732421875,-0.020894289016723633,836,AGGCTA,1.6025390625,4112,TATCGC,2.044921875,4112,TATCGC,2.044921875,595,ACTCTN,0.061898138374090195,565,ACTACN,0.10578666627407074,565,ACTACN,0.10578666627407074,False,False,True,-0.00028830766677856445,
4,11,65,head_3,recovery,0.00146484375,-0.016507983207702637,836,AGGCTA,1.595703125,4112,TATCGC,2.044921875,4112,TATCGC,2.044921875,595,ACTCTN,0.0622248500585556,565,ACTACN,0.1057559922337532,565,ACTACN,0.1057559922337532,False,False,True,0.0004420280456542969,
4,12,65,head_3,recovery,0.00341796875,-0.019916892051696777,836,AGGCTA,1.603515625,4112,TATCGC,2.05078125,4112,TATCGC,2.05078125,595,ACTCTN,0.06265668570995331,565,ACTACN,0.10646557807922363,565,ACTACN,0.10646557807922363,False,False,True,0.0006351768970489502,
4,13,65,head_3,recovery,0.0126953125,-0.010481476783752441,836,AGGCTA,1.599609375,4112,TATCGC,2.03515625,4112,TATCGC,2.03515625,595,ACTCTN,0.06327205151319504,565,ACTACN,0.10631217062473297,565,ACTACN,0.10631217062473297,False,False,True,0.0037845969200134277,
4,14,65,head_3,recovery,-0.060546875,0.11494481563568115,836,AGGCTA,1.560546875,4112,TATCGC,2.0859375,4112,TATCGC,2.0859375,595,ACTCTN,0.06723096966743469,565,ACTACN,0.1000516265630722,565,ACTACN,0.1000516265630722,False,False,True,-0.02033334970474243,
4,15,65,head_3,recovery,-0.052734375,0.1203884482383728,836,AGGCTA,1.556640625,4112,TATCGC,2.072265625,4112,TATCGC,2.072265625,595,ACTCTN,0.06728727370500565,565,ACTACN,0.09966439753770828,565,ACTACN,0.09966439753770828,False,False,True,-0.01964053511619568,
4,16,65,head_3,recovery,-0.05859375,0.09614753723144531,836,AGGCTA,1.564453125,4112,TATCGC,2.087890625,4112,TATCGC,2.087890625,595,ACTCTN,0.06653802841901779,565,ACTACN,0.10089024901390076,565,ACTACN,0.10089024901390076,False,False,True,-0.020704060792922974,
4,17,65,head_3,recovery,0.0205078125,-0.01489555835723877,836,AGGCTA,1.607421875,4112,TATCGC,2.033203125,4112,TATCGC,2.033203125,595,ACTCTN,0.06317092478275299,565,ACTACN,0.10657069087028503,565,ACTACN,0.10657069087028503,False,False,True,0.002057701349258423,
4,18,65,head_3,recovery,0.0126953125,-0.011633872985839844,836,AGGCTA,1.62109375,4112,TATCGC,2.056640625,4112,TATCGC,2.056640625,595,ACTCTN,0.06363297253847122,565,ACTACN,0.10676698386669159,565,ACTACN,0.10676698386669159,False,False,True,0.003484785556793213,
4,19,65,head_3,recovery,0.00537109375,-0.0029442310333251953,836,AGGCTA,1.6103515625,4112,TATCGC,2.0546875,4112,TATCGC,2.0546875,595,ACTCTN,0.06336434930562973,565,ACTACN,0.10579034686088562,565,ACTACN,0.10579034686088562,False,False,True,0.0015483200550079346,
4,20,65,head_3,recovery,0.0078125,-0.007872462272644043,836,AGGCTA,1.603515625,4112,TATCGC,2.044921875,4112,TATCGC,2.044921875,595,ACTCTN,0.06310932338237762,565,ACTACN,0.10593686252832413,565,ACTACN,0.10593686252832413,False,False,True,0.0001259446144104004,
4,21,65,head_3,recovery,0.00244140625,0.008214056491851807,836,AGGCTA,1.6005859375,4112,TATCGC,2.048828125,4112,TATCGC,2.048828125,595,ACTCTN,0.06276887655258179,565,ACTACN,0.10428572446107864,565,ACTACN,0.10428572446107864,False,False,True,-0.0028666257858276367,
4,22,65,head_3,recovery,0.0009765625,0.007430136203765869,836,AGGCTA,1.5966796875,4112,TATCGC,2.046875,4112,TATCGC,2.046875,595,ACTCTN,0.0624055415391922,565,ACTACN,0.10398626327514648,565,ACTACN,0.10398626327514648,False,False,True,-0.0011329948902130127,
4,23,65,head_3,recovery,-0.0029296875,0.01945275068283081,836,AGGCTA,1.59765625,4112,TATCGC,2.052734375,4112,TATCGC,2.052734375,595,ACTCTN,0.062296267598867416,565,ACTACN,0.10289741307497025,565,ACTACN,0.10289741307497025,False,False,True,-0.0009080171585083008,
4,24,65,head_3,recovery,-0.001953125,0.004076063632965088,836,AGGCTA,1.6025390625,4112,TATCGC,2.056640625,4112,TATCGC,2.056640625,595,ACTCTN,0.062324974685907364,565,ACTACN,0.10417897254228592,565,ACTACN,0.10417897254228592,False,False,True,-6.67273998260498e-05,
4,25,65,head_3,recovery,-0.0068359375,-0.0028411149978637695,836,AGGCTA,1.603515625,4112,TATCGC,2.0625,4112,TATCGC,2.0625,595,ACTCTN,0.062265366315841675,565,ACTACN,0.10468296706676483,565,ACTACN,0.10468296706676483,False,False,True,-0.0002948939800262451,
4,26,65,head_3,recovery,-0.001953125,-0.004184842109680176,836,AGGCTA,1.60546875,4112,TATCGC,2.05859375,4112,TATCGC,2.05859375,595,ACTCTN,0.062421366572380066,565,ACTACN,0.10494845360517502,565,ACTACN,0.10494845360517502,False,False,True,0.0002722740173339844,
4,27,65,head_3,recovery,0.0078125,0.001509249210357666,836,AGGCTA,1.61328125,4112,TATCGC,2.0546875,4112,TATCGC,2.0546875,595,ACTCTN,0.06302850693464279,565,ACTACN,0.1050916463136673,565,ACTACN,0.1050916463136673,False,False,True,0.0018834471702575684,
4,28,65,head_3,recovery,-0.0107421875,0.017518043518066406,836,AGGCTA,1.6025390625,4112,TATCGC,2.06640625,4112,TATCGC,2.06640625,595,ACTCTN,0.06340376287698746,565,ACTACN,0.1041625440120697,565,ACTACN,0.1041625440120697,False,False,True,0.0029837489128112793,
4,29,65,head_3,recovery,0.00732421875,-0.0027848482131958008,836,AGGCTA,1.6123046875,4112,TATCGC,2.0546875,4112,TATCGC,2.0546875,595,ACTCTN,0.06330882757902145,565,ACTACN,0.1057218387722969,565,ACTACN,0.1057218387722969,False,False,True,0.003183811902999878,
4,30,65,head_3,recovery,0.00341796875,-0.016488313674926758,836,AGGCTA,1.6015625,4112,TATCGC,2.048828125,4112,TATCGC,2.048828125,595,ACTCTN,0.06265395134687424,565,ACTACN,0.1061834990978241,565,ACTACN,0.1061834990978241,False,False,True,0.0014789998531341553,
4,31,65,head_3,recovery,0.01025390625,-0.06164097785949707,836,AGGCTA,1.6064453125,4112,TATCGC,2.044921875,4112,TATCGC,2.044921875,595,ACTCTN,0.06206249073147774,565,ACTACN,0.10927097499370575,565,ACTACN,0.10927097499370575,False,False,True,-0.0006875097751617432,
4,32,65,head_3,recovery,0.021484375,-0.04042220115661621,836,AGGCTA,1.6123046875,4112,TATCGC,2.037109375,4112,TATCGC,2.037109375,595,ACTCTN,0.0626804530620575,565,ACTACN,0.10816007852554321,565,ACTACN,0.10816007852554321,False,False,True,-0.0004494190216064453,
4,33,65,head_3,recovery,0.03515625,-0.02232980728149414,836,AGGCTA,1.62890625,4112,TATCGC,2.037109375,4112,TATCGC,2.037109375,595,ACTCTN,0.0635351613163948,565,ACTACN,0.10754065960645676,565,ACTACN,0.10754065960645676,False,False,True,-0.0004734992980957031,
4,34,65,head_3,recovery,0.04296875,0.012831807136535645,836,AGGCTA,1.63671875,4112,TATCGC,2.03515625,4112,TATCGC,2.03515625,595,ACTCTN,0.06435367465019226,565,ACTACN,0.10549427568912506,565,ACTACN,0.10549427568912506,False,False,True,0.0007345676422119141,
5,0,65,head_3,recovery,-0.0068359375,-0.010306954383850098,836,AGGCTA,1.59765625,4112,TATCGC,2.056640625,4112,TATCGC,2.056640625,595,ACTCTN,0.06254234164953232,565,ACTACN,0.10556823760271072,565,ACTACN,0.10556823760271072,False,False,True,-0.00018399953842163086,
5,1,65,head_3,recovery,0.00537109375,-0.019228339195251465,836,AGGCTA,1.6103515625,4112,TATCGC,2.0546875,4112,TATCGC,2.0546875,595,ACTCTN,0.06272991001605988,565,ACTACN,0.10648270696401596,565,ACTACN,0.10648270696401596,False,False,True,-0.0009903013706207275,
5,2,65,head_3,recovery,-0.005859375,-0.011516571044921875,836,AGGCTA,1.6064453125,4112,TATCGC,2.064453125,4112,TATCGC,2.064453125,595,ACTCTN,0.06284786760807037,565,ACTACN,0.10597231984138489,565,ACTACN,0.10597231984138489,False,False,True,-0.0008071959018707275,
5,3,65,head_3,recovery,-0.0107421875,-0.011820435523986816,836,AGGCTA,1.6025390625,4112,TATCGC,2.06640625,4112,TATCGC,2.06640625,595,ACTCTN,0.06259030848741531,565,ACTACN,0.1057395190000534,565,ACTACN,0.1057395190000534,False,False,True,-0.0013826489448547363,
5,4,65,head_3,recovery,-0.025390625,-0.015824437141418457,836,AGGCTA,1.583984375,4112,TATCGC,2.06640625,4112,TATCGC,2.06640625,595,ACTCTN,0.06213832646608353,565,ACTACN,0.10561378300189972,565,ACTACN,0.10561378300189972,False,False,True,-0.0003482401371002197,
5,5,65,head_3,recovery,-0.0283203125,-0.0034584999084472656,836,AGGCTA,1.5869140625,4112,TATCGC,2.072265625,4112,TATCGC,2.072265625,595,ACTCTN,0.062175203114748,565,ACTACN,0.10464309900999069,565,ACTACN,0.10464309900999069,False,False,True,0.0007795989513397217,
5,6,65,head_3,recovery,-0.025390625,0.014335274696350098,836,AGGCTA,1.591796875,4112,TATCGC,2.07421875,4112,TATCGC,2.07421875,595,ACTCTN,0.06262332946062088,565,ACTACN,0.10364143550395966,565,ACTACN,0.10364143550395966,False,False,True,0.00244140625,
5,7,65,head_3,recovery,-0.001953125,0.00189131498336792,836,AGGCTA,1.6025390625,4112,TATCGC,2.056640625,4112,TATCGC,2.056640625,595,ACTCTN,0.06292188912630081,565,ACTACN,0.10495389997959137,565,ACTACN,0.10495389997959137,False,False,True,0.001939326524734497,
5,8,65,head_3,recovery,0.00634765625,-0.006123065948486328,836,AGGCTA,1.603515625,4112,TATCGC,2.046875,4112,TATCGC,2.046875,595,ACTCTN,0.06334814429283142,565,ACTACN,0.10603314638137817,565,ACTACN,0.10603314638137817,False,False,True,0.002042442560195923,
5,9,65,head_3,recovery,0.01123046875,-0.021230697631835938,836,AGGCTA,1.609375,4112,TATCGC,2.046875,4112,TATCGC,2.046875,595,ACTCTN,0.06282144039869308,565,ACTACN,0.10673738270998001,565,ACTACN,0.10673738270998001,False,False,True,-0.00010067224502563477,
5,10,65,head_3,recovery,0.01171875,-0.021146178245544434,836,AGGCTA,1.6064453125,4112,TATCGC,2.04296875,4112,TATCGC,2.04296875,595,ACTCTN,0.06304287910461426,565,ACTACN,0.10695193707942963,565,ACTACN,0.10695193707942963,False,False,True,-0.0006475448608398438,
5,11,65,head_3,recovery,0.0048828125,-0.026471972465515137,836,AGGCTA,1.59765625,4112,TATCGC,2.04296875,4112,TATCGC,2.04296875,595,ACTCTN,0.062332622706890106,565,ACTACN,0.10667561739683151,565,ACTACN,0.10667561739683151,False,False,True,-0.001041710376739502,
5,12,65,head_3,recovery,0.01513671875,-0.0182342529296875,836,AGGCTA,1.6025390625,4112,TATCGC,2.03515625,4112,TATCGC,2.03515625,595,ACTCTN,0.06229880452156067,565,ACTACN,0.105970598757267,565,ACTACN,0.105970598757267,False,False,True,-0.0022491514682769775,
5,13,65,head_3,recovery,0.009765625,-0.003190279006958008,836,AGGCTA,1.615234375,4112,TATCGC,2.0546875,4112,TATCGC,2.0546875,595,ACTCTN,0.0625542551279068,565,ACTACN,0.10500030219554901,565,ACTACN,0.10500030219554901,False,False,True,-0.002254784107208252,
5,14,65,head_3,recovery,-0.0029296875,0.02098250389099121,836,AGGCTA,1.595703125,4112,TATCGC,2.05078125,4112,TATCGC,2.05078125,595,ACTCTN,0.06311226636171341,565,ACTACN,0.10358876734972,565,ACTACN,0.10358876734972,False,False,True,-0.00012189149856567383,
5,15,65,head_3,recovery,0.00634765625,0.06835991144180298,836,AGGCTA,1.57421875,4112,TATCGC,2.017578125,4112,TATCGC,2.017578125,595,ACTCTN,0.06265633553266525,565,ACTACN,0.09927263110876083,565,ACTACN,0.09927263110876083,False,False,True,-0.0026105642318725586,
5,16,65,head_3,recovery,-0.0087890625,0.05298185348510742,836,AGGCTA,1.5634765625,4112,TATCGC,2.025390625,4112,TATCGC,2.025390625,595,ACTCTN,0.06139563396573067,565,ACTACN,0.09926490485668182,565,ACTACN,0.09926490485668182,False,False,True,-0.0012570619583129883,
5,17,65,head_3,recovery,-0.0546875,0.12219542264938354,836,AGGCTA,1.5283203125,4112,TATCGC,2.046875,4112,TATCGC,2.046875,595,ACTCTN,0.06141429394483566,565,ACTACN,0.09364418685436249,565,ACTACN,0.09364418685436249,False,False,True,0.005870610475540161,
5,18,65,head_3,recovery,-0.0712890625,0.06068277359008789,836,AGGCTA,1.537109375,4112,TATCGC,2.076171875,4112,TATCGC,2.076171875,595,ACTCTN,0.06294374912977219,565,ACTACN,0.10018555819988251,565,ACTACN,0.10018555819988251,False,False,True,0.001958996057510376,
5,19,65,head_3,recovery,-0.0068359375,0.026720106601715088,836,AGGCTA,1.5576171875,4112,TATCGC,2.017578125,4112,TATCGC,2.017578125,595,ACTCTN,0.06472999602556229,565,ACTACN,0.10473901033401489,565,ACTACN,0.10473901033401489,False,False,True,-0.011733680963516235,
5,20,65,head_3,recovery,0.04541015625,-0.06558477878570557,836,AGGCTA,1.6005859375,4112,TATCGC,1.99609375,0,AAAAAN,2.0,595,ACTCTN,0.063208669424057,565,ACTACN,0.11073848605155945,565,ACTACN,0.11073848605155945,False,False,True,-0.01908758282661438,
5,21,65,head_3,recovery,0.0380859375,-0.07082223892211914,836,AGGCTA,1.607421875,4112,TATCGC,2.01171875,4112,TATCGC,2.01171875,595,ACTCTN,0.06267136335372925,565,ACTACN,0.1106279119849205,565,ACTACN,0.1106279119849205,False,False,True,-0.01105615496635437,
5,22,65,head_3,recovery,0.017578125,-0.045204758644104004,836,AGGCTA,1.607421875,4112,TATCGC,2.037109375,4112,TATCGC,2.037109375,595,ACTCTN,0.06168737635016441,565,ACTACN,0.10755667835474014,565,ACTACN,0.10755667835474014,False,False,True,-0.003600895404815674,
5,23,65,head_3,recovery,0.00732421875,-0.04202461242675781,836,AGGCTA,1.6123046875,4112,TATCGC,2.0546875,4112,TATCGC,2.0546875,595,ACTCTN,0.0623234286904335,565,ACTACN,0.10793361812829971,565,ACTACN,0.10793361812829971,False,False,True,-0.007001221179962158,
5,24,65,head_3,recovery,0.0048828125,-0.04712522029876709,836,AGGCTA,1.6171875,4112,TATCGC,2.0625,4112,TATCGC,2.0625,595,ACTCTN,0.06177399680018425,565,ACTACN,0.10779977589845657,565,ACTACN,0.10779977589845657,False,False,True,-0.0058022141456604,
5,25,65,head_3,recovery,0.00146484375,-0.03588521480560303,836,AGGCTA,1.619140625,4112,TATCGC,2.068359375,4112,TATCGC,2.068359375,595,ACTCTN,0.06220033019781113,565,ACTACN,0.10731028765439987,565,ACTACN,0.10731028765439987,False,False,True,-0.0018756687641143799,
5,26,65,head_3,recovery,0.0087890625,-0.016284584999084473,836,AGGCTA,1.6103515625,4112,TATCGC,2.05078125,4112,TATCGC,2.05078125,595,ACTCTN,0.06240690127015114,565,ACTACN,0.10591985285282135,565,ACTACN,0.10591985285282135,False,False,True,9.909272193908691e-05,
5,27,65,head_3,recovery,0.01123046875,-0.008223891258239746,836,AGGCTA,1.60546875,4112,TATCGC,2.04296875,4112,TATCGC,2.04296875,595,ACTCTN,0.06280504167079926,565,ACTACN,0.10566121339797974,565,ACTACN,0.10566121339797974,False,False,True,-0.00102195143699646,
5,28,65,head_3,recovery,0.00390625,-0.009618043899536133,836,AGGCTA,1.6025390625,4112,TATCGC,2.048828125,4112,TATCGC,2.048828125,595,ACTCTN,0.06348655372858047,565,ACTACN,0.10645632445812225,565,ACTACN,0.10645632445812225,False,False,True,0.00012734532356262207,
5,29,65,head_3,recovery,0.03271484375,-0.09442651271820068,836,AGGCTA,1.6357421875,4112,TATCGC,2.046875,4112,TATCGC,2.046875,595,ACTCTN,0.06378605961799622,565,ACTACN,0.11366583406925201,565,ACTACN,0.11366583406925201,False,False,True,5.066394805908203e-07,
5,30,65,head_3,recovery,0.04443359375,-0.06206655502319336,836,AGGCTA,1.65234375,4112,TATCGC,2.048828125,4112,TATCGC,2.048828125,595,ACTCTN,0.06434552371501923,565,ACTACN,0.11158867925405502,565,ACTACN,0.11158867925405502,False,False,True,0.0007617175579071045,
5,31,65,head_3,recovery,0.05419921875,-0.22997725009918213,836,AGGCTA,1.671875,4112,TATCGC,2.056640625,4112,TATCGC,2.056640625,595,ACTCTN,0.061580345034599304,565,ACTACN,0.12250450253486633,565,ACTACN,0.12250450253486633,False,False,True,-0.004373043775558472,
5,32,65,head_3,recovery,0.0400390625,-0.1003110408782959,836,AGGCTA,1.640625,4112,TATCGC,2.04296875,4112,TATCGC,2.04296875,595,ACTCTN,0.06176963075995445,565,ACTACN,0.11212887614965439,565,ACTACN,0.11212887614965439,False,False,True,-0.0028700530529022217,
5,33,65,head_3,recovery,0.0380859375,-0.12734436988830566,836,AGGCTA,1.64453125,4112,TATCGC,2.048828125,4112,TATCGC,2.048828125,595,ACTCTN,0.060883358120918274,565,ACTACN,0.1134452074766159,565,ACTACN,0.1134452074766159,False,False,True,-0.003149092197418213,
5,34,65,head_3,recovery,0.02294921875,0.007990360260009766,836,AGGCTA,1.6298828125,4112,TATCGC,2.052734375,4112,TATCGC,2.052734375,595,ACTCTN,0.06290490925312042,565,ACTACN,0.10443998128175735,565,ACTACN,0.10443998128175735,False,False,True,-0.0004936456680297852,
6,0,65,head_3,recovery,-0.017578125,-0.014133572578430176,836,AGGCTA,1.595703125,4112,TATCGC,2.068359375,4112,TATCGC,2.068359375,595,ACTCTN,0.06211631000041962,565,ACTACN,0.1054539903998375,565,ACTACN,0.1054539903998375,False,False,True,0.001454383134841919,
6,1,65,head_3,recovery,-0.015625,-0.015268802642822266,836,AGGCTA,1.6025390625,4112,TATCGC,2.072265625,4112,TATCGC,2.072265625,595,ACTCTN,0.06292490661144257,565,ACTACN,0.10635508596897125,565,ACTACN,0.10635508596897125,False,False,True,7.793307304382324e-05,
6,2,65,head_3,recovery,0.0009765625,-0.019779562950134277,836,AGGCTA,1.6005859375,4112,TATCGC,2.05078125,4112,TATCGC,2.05078125,595,ACTCTN,0.06274071335792542,565,ACTACN,0.10653842240571976,565,ACTACN,0.10653842240571976,False,False,True,-0.00229722261428833,
6,3,65,head_3,recovery,0.00341796875,-0.019465327262878418,836,AGGCTA,1.6015625,4112,TATCGC,2.048828125,4112,TATCGC,2.048828125,595,ACTCTN,0.0625368133187294,565,ACTACN,0.10630891472101212,565,ACTACN,0.10630891472101212,False,False,True,-0.0031439661979675293,
6,4,65,head_3,recovery,0.00390625,-0.01699995994567871,836,AGGCTA,1.6025390625,4112,TATCGC,2.048828125,4112,TATCGC,2.048828125,595,ACTCTN,0.06223136931657791,565,ACTACN,0.10580259561538696,565,ACTACN,0.10580259561538696,False,False,True,-0.0018680095672607422,
6,5,65,head_3,recovery,0.0205078125,-0.021447300910949707,836,AGGCTA,1.609375,4112,TATCGC,2.03515625,4112,TATCGC,2.03515625,595,ACTCTN,0.06261197477579117,565,ACTACN,0.10654556751251221,565,ACTACN,0.10654556751251221,False,False,True,-0.0012608766555786133,
6,6,65,head_3,recovery,0.0224609375,-0.03448772430419922,836,AGGCTA,1.60546875,4112,TATCGC,2.029296875,4112,TATCGC,2.029296875,595,ACTCTN,0.062425777316093445,565,ACTACN,0.107421875,565,ACTACN,0.107421875,False,False,True,-0.0017269253730773926,
6,7,65,head_3,recovery,0.017578125,-0.031897544860839844,836,AGGCTA,1.6015625,4112,TATCGC,2.03125,4112,TATCGC,2.03125,595,ACTCTN,0.062232695519924164,565,ACTACN,0.10701774805784225,565,ACTACN,0.10701774805784225,False,False,True,-0.0015426278114318848,
6,8,65,head_3,recovery,0.00341796875,-0.027409076690673828,836,AGGCTA,1.58984375,4112,TATCGC,2.037109375,4112,TATCGC,2.037109375,595,ACTCTN,0.06244910880923271,565,ACTACN,0.1068684458732605,565,ACTACN,0.1068684458732605,False,False,True,-0.003391772508621216,
6,9,65,head_3,recovery,-0.0068359375,0.00025641918182373047,836,AGGCTA,1.5859375,4112,TATCGC,2.044921875,4112,TATCGC,2.044921875,595,ACTCTN,0.06278125941753387,565,ACTACN,0.10494647920131683,565,ACTACN,0.10494647920131683,False,False,True,-0.0008857548236846924,
6,10,65,head_3,recovery,-0.052734375,0.006843686103820801,836,AGGCTA,1.544921875,4112,TATCGC,2.060546875,4112,TATCGC,2.060546875,595,ACTCTN,0.06196801736950874,565,ACTACN,0.1035965234041214,565,ACTACN,0.1035965234041214,False,False,True,-0.0005563497543334961,
6,11,65,head_3,recovery,-0.0517578125,0.003439784049987793,836,AGGCTA,1.5517578125,4112,TATCGC,2.06640625,4112,TATCGC,2.06640625,595,ACTCTN,0.0616278201341629,565,ACTACN,0.10353366285562515,565,ACTACN,0.10353366285562515,False,False,True,0.00027358531951904297,
6,12,65,head_3,recovery,-0.076171875,0.09630203247070312,836,AGGCTA,1.5283203125,4112,TATCGC,2.072265625,4112,TATCGC,2.072265625,595,ACTCTN,0.0644630715250969,565,ACTACN,0.09880270063877106,565,ACTACN,0.09880270063877106,False,False,True,0.002661466598510742,
6,13,65,head_3,recovery,-0.0390625,0.09068334102630615,836,AGGCTA,1.5634765625,4112,TATCGC,2.0625,4112,TATCGC,2.0625,595,ACTCTN,0.06535115092992783,565,ACTACN,0.10014858096837997,565,ACTACN,0.10014858096837997,False,False,True,0.003209710121154785,
6,14,65,head_3,recovery,-0.0283203125,0.13082271814346313,836,AGGCTA,1.572265625,4112,TATCGC,2.05859375,4112,TATCGC,2.05859375,595,ACTCTN,0.06603775173425674,565,ACTACN,0.0975647121667862,565,ACTACN,0.0975647121667862,False,False,True,0.0030174851417541504,
6,15,65,head_3,recovery,-0.015625,0.0641363263130188,836,AGGCTA,1.6103515625,4112,TATCGC,2.080078125,4112,TATCGC,2.080078125,595,ACTCTN,0.06405151635408401,565,ACTACN,0.10101193934679031,565,ACTACN,0.10101193934679031,False,False,True,0.0021114349365234375,
6,16,65,head_3,recovery,-0.0166015625,0.06932705640792847,836,AGGCTA,1.6103515625,4112,TATCGC,2.08203125,4112,TATCGC,2.08203125,595,ACTCTN,0.06412429362535477,565,ACTACN,0.10066178441047668,565,ACTACN,0.10066178441047668,False,False,True,0.004252046346664429,
6,17,65,head_3,recovery,-0.0029296875,0.0022777318954467773,836,AGGCTA,1.6171875,4112,TATCGC,2.072265625,4112,TATCGC,2.072265625,595,ACTCTN,0.06311504542827606,565,ACTACN,0.10511557012796402,565,ACTACN,0.10511557012796402,False,False,True,0.003655940294265747,
6,18,65,head_3,recovery,-0.00390625,-0.035993218421936035,836,AGGCTA,1.5966796875,4112,TATCGC,2.052734375,4112,TATCGC,2.052734375,595,ACTCTN,0.061758916825056076,565,ACTACN,0.10687766969203949,565,ACTACN,0.10687766969203949,False,False,True,0.0031176507472991943,
6,19,65,head_3,recovery,0.00634765625,-0.021438956260681152,836,AGGCTA,1.603515625,4112,TATCGC,2.046875,4112,TATCGC,2.046875,595,ACTCTN,0.06196986138820648,565,ACTACN,0.1059027761220932,565,ACTACN,0.1059027761220932,False,False,True,0.0006502866744995117,
6,20,65,head_3,recovery,0.00634765625,-0.014690995216369629,836,AGGCTA,1.603515625,4112,TATCGC,2.046875,4112,TATCGC,2.046875,595,ACTCTN,0.062297020107507706,565,ACTACN,0.10568012297153473,565,ACTACN,0.10568012297153473,False,False,True,0.0020360350608825684,
6,21,65,head_3,recovery,0.00390625,-0.023312807083129883,836,AGGCTA,1.6005859375,4112,TATCGC,2.046875,4112,TATCGC,2.046875,595,ACTCTN,0.06211891397833824,565,ACTACN,0.10620449483394623,565,ACTACN,0.10620449483394623,False,False,True,0.0012658238410949707,
6,22,65,head_3,recovery,-0.0126953125,-0.010305166244506836,836,AGGCTA,1.59375,4112,TATCGC,2.060546875,4112,TATCGC,2.060546875,595,ACTCTN,0.06250936537981033,565,ACTACN,0.1055351197719574,565,ACTACN,0.1055351197719574,False,False,True,0.0005368292331695557,
6,23,65,head_3,recovery,-0.017578125,-0.008324027061462402,836,AGGCTA,1.591796875,4112,TATCGC,2.064453125,4112,TATCGC,2.064453125,595,ACTCTN,0.06227020546793938,565,ACTACN,0.10513453930616379,565,ACTACN,0.10513453930616379,False,False,True,-0.000835806131362915,
6,24,65,head_3,recovery,-0.0224609375,0.003398418426513672,836,AGGCTA,1.59375,4112,TATCGC,2.072265625,4112,TATCGC,2.072265625,595,ACTCTN,0.06222512573003769,565,ACTACN,0.10413434356451035,565,ACTACN,0.10413434356451035,False,False,True,-0.00012424588203430176,
6,25,65,head_3,recovery,-0.0107421875,-0.014646649360656738,836,AGGCTA,1.6015625,4112,TATCGC,2.06640625,4112,TATCGC,2.06640625,595,ACTCTN,0.062070172280073166,565,ACTACN,0.10544966161251068,565,ACTACN,0.10544966161251068,False,False,True,-0.001196444034576416,
6,26,65,head_3,recovery,-0.001953125,-0.03542053699493408,836,AGGCTA,1.603515625,4112,TATCGC,2.056640625,4112,TATCGC,2.056640625,595,ACTCTN,0.06196582317352295,565,ACTACN,0.10703792423009872,565,ACTACN,0.10703792423009872,False,False,True,0.00011160969734191895,
6,27,65,head_3,recovery,0.00146484375,-0.036119818687438965,836,AGGCTA,1.6015625,4112,TATCGC,2.05078125,4112,TATCGC,2.05078125,595,ACTCTN,0.06236471235752106,565,ACTACN,0.10749378800392151,565,ACTACN,0.10749378800392151,False,False,True,-0.0005922913551330566,
6,28,65,head_3,recovery,0.04541015625,-0.02535700798034668,836,AGGCTA,1.6396484375,4112,TATCGC,2.03515625,4112,TATCGC,2.03515625,595,ACTCTN,0.06332585215568542,565,ACTACN,0.10757799446582794,565,ACTACN,0.10757799446582794,False,False,True,0.0010293424129486084,
6,29,65,head_3,recovery,0.03662109375,-0.0615769624710083,836,AGGCTA,1.634765625,4112,TATCGC,2.041015625,4112,TATCGC,2.041015625,595,ACTCTN,0.06324583292007446,565,ACTACN,0.11044910550117493,565,ACTACN,0.11044910550117493,False,False,True,0.0018317103385925293,
6,30,65,head_3,recovery,0.0400390625,-0.09684896469116211,836,AGGCTA,1.6328125,4112,TATCGC,2.03515625,4112,TATCGC,2.03515625,595,ACTCTN,0.06206738203763962,565,ACTACN,0.11214453727006912,565,ACTACN,0.11214453727006912,False,False,True,0.0019494593143463135,
6,31,65,head_3,recovery,0.0,-0.11860322952270508,836,AGGCTA,1.599609375,4112,TATCGC,2.05078125,4112,TATCGC,2.05078125,595,ACTCTN,0.06248091533780098,565,ACTACN,0.11433055996894836,565,ACTACN,0.11433055996894836,False,False,True,-0.0002181529998779297,
6,32,65,head_3,recovery,0.0205078125,-0.05601668357849121,836,AGGCTA,1.61328125,4112,TATCGC,2.0390625,4112,TATCGC,2.0390625,595,ACTCTN,0.06349784135818481,565,ACTACN,0.11024807393550873,565,ACTACN,0.11024807393550873,False,False,True,-0.0018781423568725586,
6,33,65,head_3,recovery,0.01123046875,-0.0313032865524292,836,AGGCTA,1.609375,4112,TATCGC,2.046875,4112,TATCGC,2.046875,595,ACTCTN,0.06426453590393066,565,ACTACN,0.10900117456912994,565,ACTACN,0.10900117456912994,False,False,True,-0.0012836456298828125,
6,34,65,head_3,recovery,0.0078125,-0.030376076698303223,836,AGGCTA,1.607421875,4112,TATCGC,2.048828125,4112,TATCGC,2.048828125,595,ACTCTN,0.06299234181642532,565,ACTACN,0.1076534315943718,565,ACTACN,0.1076534315943718,False,False,True,-0.0004754960536956787,
7,0,65,head_3,recovery,-0.0009765625,-0.013263940811157227,836,AGGCTA,1.6005859375,4112,TATCGC,2.052734375,4112,TATCGC,2.052734375,595,ACTCTN,0.06216932088136673,565,ACTACN,0.10543615370988846,565,ACTACN,0.10543615370988846,False,False,True,3.7789344787597656e-05,
7,1,65,head_3,recovery,-0.01171875,-0.009367108345031738,836,AGGCTA,1.5966796875,4112,TATCGC,2.0625,4112,TATCGC,2.0625,595,ACTCTN,0.062405332922935486,565,ACTACN,0.10535465180873871,565,ACTACN,0.10535465180873871,False,False,True,0.00028324127197265625,
7,2,65,head_3,recovery,-0.0048828125,-0.00716555118560791,836,AGGCTA,1.59765625,4112,TATCGC,2.0546875,4112,TATCGC,2.0546875,595,ACTCTN,0.06255155801773071,565,ACTACN,0.105321504175663,565,ACTACN,0.105321504175663,False,False,True,-8.594989776611328e-05,
7,3,65,head_3,recovery,-0.0078125,0.0011031031608581543,836,AGGCTA,1.59765625,4112,TATCGC,2.05859375,4112,TATCGC,2.05859375,595,ACTCTN,0.06274047493934631,565,ACTACN,0.10483670979738235,565,ACTACN,0.10483670979738235,False,False,True,-0.00033143162727355957,
7,4,65,head_3,recovery,0.0,0.008507490158081055,836,AGGCTA,1.59765625,4112,TATCGC,2.048828125,4112,TATCGC,2.048828125,595,ACTCTN,0.06294006109237671,565,ACTACN,0.10443300008773804,565,ACTACN,0.10443300008773804,False,False,True,-0.00011909008026123047,
7,5,65,head_3,recovery,-0.0029296875,-0.012127399444580078,836,AGGCTA,1.599609375,4112,TATCGC,2.0546875,4112,TATCGC,2.0546875,595,ACTCTN,0.0625891387462616,565,ACTACN,0.10576336830854416,565,ACTACN,0.10576336830854416,False,False,True,-0.0005861520767211914,
7,6,65,head_3,recovery,0.01513671875,-0.016452670097351074,836,AGGCTA,1.6005859375,4112,TATCGC,2.033203125,4112,TATCGC,2.033203125,595,ACTCTN,0.06303170323371887,565,ACTACN,0.10655834525823593,565,ACTACN,0.10655834525823593,False,False,True,-0.001448303461074829,
7,7,65,head_3,recovery,0.01416015625,-0.01639425754547119,836,AGGCTA,1.6015625,4112,TATCGC,2.03515625,4112,TATCGC,2.03515625,595,ACTCTN,0.06315450370311737,565,ACTACN,0.106676384806633,565,ACTACN,0.106676384806633,False,False,True,-0.00158652663230896,
7,8,65,head_3,recovery,0.02294921875,-0.005218148231506348,836,AGGCTA,1.6064453125,4112,TATCGC,2.029296875,4112,TATCGC,2.029296875,595,ACTCTN,0.06365802884101868,565,ACTACN,0.10626930743455887,565,ACTACN,0.10626930743455887,False,False,True,-0.001834273338317871,
7,9,65,head_3,recovery,0.0078125,-0.009832501411437988,836,AGGCTA,1.60546875,4112,TATCGC,2.046875,4112,TATCGC,2.046875,595,ACTCTN,0.06308967620134354,565,ACTACN,0.1060769185423851,565,ACTACN,0.1060769185423851,False,False,True,-7.43865966796875e-05,
7,10,65,head_3,recovery,0.01611328125,-0.01497042179107666,836,AGGCTA,1.60546875,4112,TATCGC,2.037109375,4112,TATCGC,2.037109375,595,ACTCTN,0.06296025216579437,565,ACTACN,0.1063661202788353,565,ACTACN,0.1063661202788353,False,False,True,-0.0007485151290893555,
7,11,65,head_3,recovery,0.021484375,-0.005900263786315918,836,AGGCTA,1.6103515625,4112,TATCGC,2.03515625,4112,TATCGC,2.03515625,595,ACTCTN,0.06327562779188156,565,ACTACN,0.10594248026609421,565,ACTACN,0.10594248026609421,False,False,True,-0.002267301082611084,
7,12,65,head_3,recovery,0.01904296875,-0.016039490699768066,836,AGGCTA,1.61328125,4112,TATCGC,2.041015625,4112,TATCGC,2.041015625,595,ACTCTN,0.06303945183753967,565,ACTACN,0.10653242468833923,565,ACTACN,0.10653242468833923,False,False,True,-0.0038195550441741943,
7,13,65,head_3,recovery,0.0185546875,-0.008763313293457031,836,AGGCTA,1.6162109375,4112,TATCGC,2.044921875,4112,TATCGC,2.044921875,595,ACTCTN,0.06321866065263748,565,ACTACN,0.10611878335475922,565,ACTACN,0.10611878335475922,False,False,True,-0.003567904233932495,
7,14,65,head_3,recovery,0.009765625,-0.0188826322555542,836,AGGCTA,1.615234375,4112,TATCGC,2.0546875,4112,TATCGC,2.0546875,595,ACTCTN,0.0628504827618599,565,ACTACN,0.10657510906457901,565,ACTACN,0.10657510906457901,False,False,True,-0.0021475255489349365,
7,15,65,head_3,recovery,0.01513671875,0.012983560562133789,836,AGGCTA,1.5966796875,4112,TATCGC,2.029296875,4112,TATCGC,2.029296875,595,ACTCTN,0.06341861188411713,565,ACTACN,0.10454685240983963,565,ACTACN,0.10454685240983963,False,False,True,-0.0008947253227233887,
7,16,65,head_3,recovery,0.01513671875,-0.0019567012786865234,836,AGGCTA,1.5966796875,4112,TATCGC,2.029296875,4112,TATCGC,2.029296875,595,ACTCTN,0.06299708783626556,565,ACTACN,0.10534262657165527,565,ACTACN,0.10534262657165527,False,False,True,3.695487976074219e-05,
7,17,65,head_3,recovery,0.03515625,0.06577819585800171,836,AGGCTA,1.595703125,4112,TATCGC,2.00390625,4112,TATCGC,2.00390625,595,ACTCTN,0.06685252487659454,565,ACTACN,0.10367917269468307,565,ACTACN,0.10367917269468307,False,False,True,-0.004410982131958008,
7,18,65,head_3,recovery,0.021484375,0.04496955871582031,836,AGGCTA,1.6025390625,4112,TATCGC,2.02734375,4112,TATCGC,2.02734375,595,ACTCTN,0.06635890901088715,565,ACTACN,0.10488099604845047,565,ACTACN,0.10488099604845047,False,False,True,-0.0035566091537475586,
7,19,65,head_3,recovery,0.0126953125,0.06349843740463257,836,AGGCTA,1.59375,4112,TATCGC,2.029296875,4112,TATCGC,2.029296875,595,ACTCTN,0.06631875783205032,565,ACTACN,0.10333115607500076,565,ACTACN,0.10333115607500076,False,False,True,-0.0026632845401763916,
7,20,65,head_3,recovery,0.0048828125,0.040116310119628906,836,AGGCTA,1.6015625,4112,TATCGC,2.046875,4112,TATCGC,2.046875,595,ACTCTN,0.06349078565835953,565,ACTACN,0.10240830481052399,565,ACTACN,0.10240830481052399,False,False,True,-0.004818320274353027,
7,21,65,head_3,recovery,0.00341796875,0.030782580375671387,836,AGGCTA,1.603515625,4112,TATCGC,2.05078125,4112,TATCGC,2.05078125,595,ACTCTN,0.06314437091350555,565,ACTACN,0.10282238572835922,565,ACTACN,0.10282238572835922,False,False,True,-0.004981130361557007,
7,22,65,head_3,recovery,0.0087890625,0.052123844623565674,836,AGGCTA,1.6103515625,4112,TATCGC,2.05078125,4112,TATCGC,2.05078125,595,ACTCTN,0.062430255115032196,565,ACTACN,0.10036943107843399,565,ACTACN,0.10036943107843399,False,False,True,-0.00889924168586731,
7,23,65,head_3,recovery,-0.0224609375,0.0606083869934082,836,AGGCTA,1.583984375,4112,TATCGC,2.0625,4112,TATCGC,2.0625,595,ACTCTN,0.06176326051354408,565,ACTACN,0.0990111380815506,565,ACTACN,0.0990111380815506,False,False,True,-0.004042178392410278,
7,24,65,head_3,recovery,-0.0234375,0.0620495080947876,836,AGGCTA,1.58203125,4112,TATCGC,2.0625,4112,TATCGC,2.0625,595,ACTCTN,0.06160851940512657,565,ACTACN,0.09873896837234497,565,ACTACN,0.09873896837234497,False,False,True,-0.00452914834022522,
7,25,65,head_3,recovery,-0.0302734375,0.018836379051208496,836,AGGCTA,1.580078125,4112,TATCGC,2.068359375,4112,TATCGC,2.068359375,595,ACTCTN,0.061691924929618835,565,ACTACN,0.10234329104423523,565,ACTACN,0.10234329104423523,False,False,True,-0.0017421245574951172,
7,26,65,head_3,recovery,-0.0126953125,-0.01112818717956543,836,AGGCTA,1.591796875,4112,TATCGC,2.05859375,4112,TATCGC,2.05859375,595,ACTCTN,0.062062278389930725,565,ACTACN,0.1051550880074501,565,ACTACN,0.1051550880074501,False,False,True,-0.0012266337871551514,
7,27,65,head_3,recovery,-0.0029296875,-0.02463352680206299,836,AGGCTA,1.59765625,4112,TATCGC,2.052734375,4112,TATCGC,2.052734375,595,ACTCTN,0.06180410832166672,565,ACTACN,0.10599730908870697,565,ACTACN,0.10599730908870697,False,False,True,-0.001892179250717163,
7,28,65,head_3,recovery,-0.001953125,-0.0236818790435791,836,AGGCTA,1.595703125,4112,TATCGC,2.048828125,4112,TATCGC,2.048828125,595,ACTCTN,0.062108784914016724,565,ACTACN,0.1062244400382042,565,ACTACN,0.1062244400382042,False,False,True,-0.0015389025211334229,
7,29,65,head_3,recovery,0.01171875,-0.02393782138824463,836,AGGCTA,1.6064453125,4112,TATCGC,2.04296875,4112,TATCGC,2.04296875,595,ACTCTN,0.062355637550354004,565,ACTACN,0.10649215430021286,565,ACTACN,0.10649215430021286,False,False,True,-0.0006870031356811523,
7,30,65,head_3,recovery,0.009765625,-0.01884901523590088,836,AGGCTA,1.609375,4112,TATCGC,2.048828125,4112,TATCGC,2.048828125,595,ACTCTN,0.06253688037395477,565,ACTACN,0.10625876486301422,565,ACTACN,0.10625876486301422,False,False,True,-0.0004590749740600586,
7,31,65,head_3,recovery,-0.0205078125,0.004757404327392578,836,AGGCTA,1.599609375,4112,TATCGC,2.076171875,4112,TATCGC,2.076171875,595,ACTCTN,0.06247943639755249,565,ACTACN,0.10427792370319366,565,ACTACN,0.10427792370319366,False,False,True,0.0004177689552307129,
7,32,65,head_3,recovery,-0.048828125,0.027241170406341553,836,AGGCTA,1.5576171875,4112,TATCGC,2.068359375,4112,TATCGC,2.068359375,595,ACTCTN,0.06196829304099083,565,ACTACN,0.10193485766649246,565,ACTACN,0.10193485766649246,False,False,True,0.0035489797592163086,
7,33,65,head_3,recovery,-0.041015625,0.007369577884674072,836,AGGCTA,1.560546875,4112,TATCGC,2.0625,4112,TATCGC,2.0625,595,ACTCTN,0.06163950264453888,565,ACTACN,0.10322515666484833,565,ACTACN,0.10322515666484833,False,False,True,0.002568960189819336,
7,34,65,head_3,recovery,-0.0078125,0.0021859407424926758,836,AGGCTA,1.578125,4112,TATCGC,2.0390625,4112,TATCGC,2.0390625,595,ACTCTN,0.06222781166434288,565,ACTACN,0.10423582047224045,565,ACTACN,0.10423582047224045,False,False,True,0.0021117329597473145,
8,0,65,head_3,recovery,0.0,-0.02604842185974121,836,AGGCTA,1.603515625,4112,TATCGC,2.0546875,4112,TATCGC,2.0546875,595,ACTCTN,0.06189510226249695,565,ACTACN,0.1062035858631134,565,ACTACN,0.1062035858631134,False,False,True,0.00021347403526306152,
8,1,65,head_3,recovery,-0.0009765625,-0.02562880516052246,836,AGGCTA,1.6005859375,4112,TATCGC,2.052734375,4112,TATCGC,2.052734375,595,ACTCTN,0.062062811106443405,565,ACTACN,0.10633710026741028,565,ACTACN,0.10633710026741028,False,False,True,-2.7626752853393555e-05,
8,2,65,head_3,recovery,-0.0078125,-0.010723471641540527,836,AGGCTA,1.595703125,4112,TATCGC,2.056640625,4112,TATCGC,2.056640625,595,ACTCTN,0.062339406460523605,565,ACTACN,0.1053992360830307,565,ACTACN,0.1053992360830307,False,False,True,0.00012892484664916992,
8,3,65,head_3,recovery,-0.0078125,0.007102847099304199,836,AGGCTA,1.595703125,4112,TATCGC,2.056640625,4112,TATCGC,2.056640625,595,ACTCTN,0.06269416958093643,565,ACTACN,0.1043015569448471,565,ACTACN,0.1043015569448471,False,False,True,-0.0003968477249145508,
8,4,65,head_3,recovery,-0.0078125,0.0010665655136108398,836,AGGCTA,1.59765625,4112,TATCGC,2.05859375,4112,TATCGC,2.05859375,595,ACTCTN,0.06251194328069687,565,ACTACN,0.10461115092039108,565,ACTACN,0.10461115092039108,False,False,True,-0.00038567185401916504,
8,5,65,head_3,recovery,-0.0068359375,0.004125058650970459,836,AGGCTA,1.595703125,4112,TATCGC,2.0546875,4112,TATCGC,2.0546875,595,ACTCTN,0.06271391361951828,565,ACTACN,0.10456392168998718,565,ACTACN,0.10456392168998718,False,False,True,-0.00012132525444030762,
8,6,65,head_3,recovery,0.00537109375,-0.002792954444885254,836,AGGCTA,1.6025390625,4112,TATCGC,2.046875,4112,TATCGC,2.046875,595,ACTCTN,0.0629502385854721,565,ACTACN,0.10536391288042068,565,ACTACN,0.10536391288042068,False,False,True,-0.0006534159183502197,
8,7,65,head_3,recovery,0.01416015625,-0.011844515800476074,836,AGGCTA,1.60546875,4112,TATCGC,2.0390625,4112,TATCGC,2.0390625,595,ACTCTN,0.06248098984360695,565,ACTACN,0.10563216358423233,565,ACTACN,0.10563216358423233,False,False,True,-0.0008174479007720947,
8,8,65,head_3,recovery,0.021484375,-0.020598649978637695,836,AGGCTA,1.6025390625,4112,TATCGC,2.02734375,4112,TATCGC,2.02734375,595,ACTCTN,0.06255508214235306,565,ACTACN,0.10641952604055405,565,ACTACN,0.10641952604055405,False,False,True,-0.0013678371906280518,
8,9,65,head_3,recovery,0.009765625,-0.025928020477294922,836,AGGCTA,1.587890625,4112,TATCGC,2.02734375,4112,TATCGC,2.02734375,595,ACTCTN,0.06236186996102333,565,ACTACN,0.10666054487228394,565,ACTACN,0.10666054487228394,False,False,True,-0.0006390511989593506,
8,10,65,head_3,recovery,0.0126953125,-0.049323201179504395,836,AGGCTA,1.5859375,4112,TATCGC,2.021484375,4112,TATCGC,2.021484375,595,ACTCTN,0.06182199344038963,565,ACTACN,0.10802685469388962,565,ACTACN,0.10802685469388962,False,False,True,-0.0002860724925994873,
8,11,65,head_3,recovery,0.00390625,-0.04947006702423096,836,AGGCTA,1.5927734375,4112,TATCGC,2.0390625,4112,TATCGC,2.0390625,595,ACTCTN,0.061149194836616516,565,ACTACN,0.10736601799726486,565,ACTACN,0.10736601799726486,False,False,True,0.0006815493106842041,
8,12,65,head_3,recovery,0.00732421875,-0.036575913429260254,836,AGGCTA,1.5927734375,4112,TATCGC,2.03515625,4112,TATCGC,2.03515625,595,ACTCTN,0.06140383332967758,565,ACTACN,0.10657007247209549,565,ACTACN,0.10657007247209549,False,False,True,0.0012701153755187988,
8,13,65,head_3,recovery,0.00341796875,-0.007527709007263184,836,AGGCTA,1.599609375,4112,TATCGC,2.046875,4112,TATCGC,2.046875,595,ACTCTN,0.0622994564473629,565,ACTACN,0.1050989031791687,565,ACTACN,0.1050989031791687,False,False,True,0.0005938708782196045,
8,14,65,head_3,recovery,0.00390625,-0.007416248321533203,836,AGGCTA,1.6005859375,4112,TATCGC,2.046875,4112,TATCGC,2.046875,595,ACTCTN,0.06271569430828094,565,ACTACN,0.10550606995820999,565,ACTACN,0.10550606995820999,False,False,True,-0.0018135607242584229,
8,15,65,head_3,recovery,0.01611328125,0.016058743000030518,836,AGGCTA,1.615234375,4112,TATCGC,2.046875,4112,TATCGC,2.046875,595,ACTCTN,0.06272055208683014,565,ACTACN,0.1035982295870781,565,ACTACN,0.1035982295870781,False,False,True,-0.006539583206176758,
8,16,65,head_3,recovery,-0.0087890625,0.050139665603637695,836,AGGCTA,1.5927734375,4112,TATCGC,2.0546875,4112,TATCGC,2.0546875,595,ACTCTN,0.06268362700939178,565,ACTACN,0.10078446567058563,565,ACTACN,0.10078446567058563,False,False,True,-0.0028426647186279297,
8,17,65,head_3,recovery,-0.0126953125,0.005650460720062256,836,AGGCTA,1.583984375,4112,TATCGC,2.05078125,4112,TATCGC,2.05078125,595,ACTCTN,0.062368303537368774,565,ACTACN,0.10409402847290039,565,ACTACN,0.10409402847290039,False,False,True,-0.0011003315448760986,
8,18,65,head_3,recovery,-0.0078125,0.00753474235534668,836,AGGCTA,1.57421875,4112,TATCGC,2.03515625,4112,TATCGC,2.03515625,595,ACTCTN,0.06342524290084839,565,ACTACN,0.10499744117259979,565,ACTACN,0.10499744117259979,False,False,True,0.0008063316345214844,
8,19,65,head_3,recovery,-0.0078125,-0.0350414514541626,836,AGGCTA,1.568359375,4112,TATCGC,2.029296875,4112,TATCGC,2.029296875,595,ACTCTN,0.06266173720359802,565,ACTACN,0.10770294815301895,565,ACTACN,0.10770294815301895,False,False,True,0.00133553147315979,
8,20,65,head_3,recovery,-0.0009765625,0.04091298580169678,836,AGGCTA,1.5732421875,4112,TATCGC,2.025390625,4112,TATCGC,2.025390625,595,ACTCTN,0.06327561289072037,565,ACTACN,0.10212822258472443,565,ACTACN,0.10212822258472443,False,False,True,0.0011916756629943848,
8,21,65,head_3,recovery,-0.0029296875,0.018727600574493408,836,AGGCTA,1.57421875,4112,TATCGC,2.029296875,4112,TATCGC,2.029296875,595,ACTCTN,0.0625634416937828,565,ACTACN,0.10322366654872894,565,ACTACN,0.10322366654872894,False,False,True,0.003256469964981079,
8,22,65,head_3,recovery,0.02001953125,0.03818488121032715,836,AGGCTA,1.6064453125,4112,TATCGC,2.033203125,4112,TATCGC,2.033203125,595,ACTCTN,0.06292436271905899,565,ACTACN,0.10199925303459167,565,ACTACN,0.10199925303459167,False,False,True,0.00030797719955444336,
8,23,65,head_3,recovery,0.00341796875,-0.024863123893737793,836,AGGCTA,1.59765625,4112,TATCGC,2.044921875,4112,TATCGC,2.044921875,595,ACTCTN,0.06123516708612442,565,ACTACN,0.10544706881046295,565,ACTACN,0.10544706881046295,False,False,True,0.0006688237190246582,
8,24,65,head_3,recovery,0.00341796875,-0.03094661235809326,836,AGGCTA,1.603515625,4112,TATCGC,2.05078125,4112,TATCGC,2.05078125,595,ACTCTN,0.061125367879867554,565,ACTACN,0.10583294183015823,565,ACTACN,0.10583294183015823,False,False,True,0.0004819333553314209,
8,25,65,head_3,recovery,-0.013671875,-0.02975916862487793,836,AGGCTA,1.5908203125,4112,TATCGC,2.05859375,4112,TATCGC,2.05859375,595,ACTCTN,0.06110560894012451,565,ACTACN,0.10571642965078354,565,ACTACN,0.10571642965078354,False,False,True,0.0005534887313842773,
8,26,65,head_3,recovery,-0.0029296875,-0.0031719207763671875,836,AGGCTA,1.6015625,4112,TATCGC,2.056640625,4112,TATCGC,2.056640625,595,ACTCTN,0.06221116706728935,565,ACTACN,0.10465571284294128,565,ACTACN,0.10465571284294128,False,False,True,0.0006053149700164795,
8,27,65,head_3,recovery,0.00390625,0.003001093864440918,836,AGGCTA,1.6005859375,4112,TATCGC,2.046875,4112,TATCGC,2.046875,595,ACTCTN,0.06270287930965424,565,ACTACN,0.10464446991682053,565,ACTACN,0.10464446991682053,False,False,True,-0.00019308924674987793,
8,28,65,head_3,recovery,0.00390625,-0.013680100440979004,836,AGGCTA,1.6005859375,4112,TATCGC,2.046875,4112,TATCGC,2.046875,595,ACTCTN,0.0623965784907341,565,ACTACN,0.10569731146097183,565,ACTACN,0.10569731146097183,False,False,True,-9.691715240478516e-05,
8,29,65,head_3,recovery,0.0078125,-0.02477288246154785,836,AGGCTA,1.611328125,4112,TATCGC,2.052734375,4112,TATCGC,2.052734375,595,ACTCTN,0.06173410266637802,565,ACTACN,0.10593865066766739,565,ACTACN,0.10593865066766739,False,False,True,-0.0009810924530029297,
8,30,65,head_3,recovery,0.01171875,-0.04446697235107422,836,AGGCTA,1.6005859375,4112,TATCGC,2.037109375,4112,TATCGC,2.037109375,595,ACTCTN,0.06092912703752518,565,ACTACN,0.10673831403255463,565,ACTACN,0.10673831403255463,False,False,True,-0.0012628734111785889,
8,31,65,head_3,recovery,0.03515625,-0.05729961395263672,836,AGGCTA,1.62109375,4112,TATCGC,2.029296875,4112,TATCGC,2.029296875,595,ACTCTN,0.06152356415987015,565,ACTACN,0.1083783209323883,565,ACTACN,0.1083783209323883,False,False,True,-0.0017367005348205566,
8,32,65,head_3,recovery,0.00537109375,-0.03011918067932129,836,AGGCTA,1.5830078125,4112,TATCGC,2.02734375,4112,TATCGC,2.02734375,595,ACTCTN,0.062192272394895554,565,ACTACN,0.10683242976665497,565,ACTACN,0.10683242976665497,False,False,True,-0.0014424026012420654,
8,33,65,head_3,recovery,-0.005859375,-0.0208815336227417,836,AGGCTA,1.5869140625,4112,TATCGC,2.044921875,4112,TATCGC,2.044921875,595,ACTCTN,0.06251388788223267,565,ACTACN,0.10640138387680054,565,ACTACN,0.10640138387680054,False,False,True,-0.0010634064674377441,
8,34,65,head_3,recovery,-0.025390625,-0.017811894416809082,836,AGGCTA,1.56640625,4112,TATCGC,2.048828125,4112,TATCGC,2.048828125,595,ACTCTN,0.061415135860443115,565,ACTACN,0.10505252331495285,565,ACTACN,0.10505252331495285,False,False,True,2.682209014892578e-05,
9,0,65,head_3,recovery,0.0,-0.053907036781311035,836,AGGCTA,1.607421875,4112,TATCGC,2.05859375,4112,TATCGC,2.05859375,595,ACTCTN,0.06169965863227844,565,ACTACN,0.10827799886465073,565,ACTACN,0.10827799886465073,False,False,True,0.00021606683731079102,
9,1,65,head_3,recovery,0.0009765625,-0.06392359733581543,836,AGGCTA,1.6064453125,4112,TATCGC,2.056640625,4112,TATCGC,2.056640625,595,ACTCTN,0.061583057045936584,565,ACTACN,0.10897752642631531,565,ACTACN,0.10897752642631531,False,False,True,-0.0006395578384399414,
9,2,65,head_3,recovery,-0.005859375,-0.024248719215393066,836,AGGCTA,1.5966796875,4112,TATCGC,2.0546875,4112,TATCGC,2.0546875,595,ACTCTN,0.06240751966834068,565,ACTACN,0.10656936466693878,565,ACTACN,0.10656936466693878,False,False,True,-0.0016441941261291504,
9,3,65,head_3,recovery,0.0009765625,-0.023748278617858887,836,AGGCTA,1.6005859375,4112,TATCGC,2.05078125,4112,TATCGC,2.05078125,595,ACTCTN,0.06260554492473602,565,ACTACN,0.10672661662101746,565,ACTACN,0.10672661662101746,False,False,True,-0.0021728575229644775,
9,4,65,head_3,recovery,0.0126953125,-0.02472054958343506,836,AGGCTA,1.607421875,4112,TATCGC,2.04296875,4112,TATCGC,2.04296875,595,ACTCTN,0.06239289045333862,565,ACTACN,0.10659317672252655,565,ACTACN,0.10659317672252655,False,False,True,-0.0015324056148529053,
9,5,65,head_3,recovery,0.01904296875,-0.01258552074432373,836,AGGCTA,1.615234375,4112,TATCGC,2.04296875,4112,TATCGC,2.04296875,595,ACTCTN,0.0631546825170517,565,ACTACN,0.10636623203754425,565,ACTACN,0.10636623203754425,False,False,True,-0.0023010075092315674,
9,6,65,head_3,recovery,0.025390625,-0.007973670959472656,836,AGGCTA,1.623046875,4112,TATCGC,2.04296875,4112,TATCGC,2.04296875,595,ACTCTN,0.06322403997182846,565,ACTACN,0.10605982691049576,565,ACTACN,0.10605982691049576,False,False,True,-0.0034189820289611816,
9,7,65,head_3,recovery,0.0263671875,-0.0015434026718139648,836,AGGCTA,1.6220703125,4112,TATCGC,2.041015625,4112,TATCGC,2.041015625,595,ACTCTN,0.06321551650762558,565,ACTACN,0.1055273786187172,565,ACTACN,0.1055273786187172,False,False,True,-0.002403825521469116,
9,8,65,head_3,recovery,0.046875,-0.022194504737854004,836,AGGCTA,1.6318359375,4112,TATCGC,2.025390625,4112,TATCGC,2.025390625,595,ACTCTN,0.06319604814052582,565,ACTACN,0.10719051957130432,565,ACTACN,0.10719051957130432,False,False,True,-0.002834826707839966,
9,9,65,head_3,recovery,0.03369140625,0.0010221600532531738,836,AGGCTA,1.6171875,4112,TATCGC,2.02734375,4112,TATCGC,2.02734375,595,ACTCTN,0.06318187713623047,565,ACTACN,0.10528470575809479,565,ACTACN,0.10528470575809479,False,False,True,-0.0015349090099334717,
9,10,65,head_3,recovery,0.0380859375,0.01699286699295044,836,AGGCTA,1.623046875,4112,TATCGC,2.02734375,4112,TATCGC,2.02734375,595,ACTCTN,0.0637161135673523,565,ACTACN,0.10451768338680267,565,ACTACN,0.10451768338680267,False,False,True,-0.00025916099548339844,
9,11,65,head_3,recovery,0.01904296875,0.03669792413711548,836,AGGCTA,1.609375,4112,TATCGC,2.037109375,4112,TATCGC,2.037109375,595,ACTCTN,0.06397856771945953,565,ACTACN,0.1031746119260788,565,ACTACN,0.1031746119260788,False,False,True,-0.0007371306419372559,
9,12,65,head_3,recovery,0.02880859375,0.015894055366516113,836,AGGCTA,1.6171875,4112,TATCGC,2.033203125,4112,TATCGC,2.033203125,595,ACTCTN,0.06370146572589874,565,ACTACN,0.10459256172180176,565,ACTACN,0.10459256172180176,False,False,True,-0.0011047422885894775,
9,13,65,head_3,recovery,0.02392578125,0.007523000240325928,836,AGGCTA,1.611328125,4112,TATCGC,2.033203125,4112,TATCGC,2.033203125,595,ACTCTN,0.0635760948061943,565,ACTACN,0.10514924675226212,565,ACTACN,0.10514924675226212,False,False,True,-0.0014930367469787598,
9,14,65,head_3,recovery,0.02392578125,-0.0028265714645385742,836,AGGCTA,1.609375,4112,TATCGC,2.03125,4112,TATCGC,2.03125,595,ACTCTN,0.06328742206096649,565,ACTACN,0.10570383816957474,565,ACTACN,0.10570383816957474,False,False,True,-0.0009678304195404053,
9,15,65,head_3,recovery,0.0048828125,-0.005313396453857422,836,AGGCTA,1.595703125,4112,TATCGC,2.041015625,4112,TATCGC,2.041015625,595,ACTCTN,0.06301836669445038,565,ACTACN,0.10563740134239197,565,ACTACN,0.10563740134239197,False,False,True,0.0005626082420349121,
9,16,65,head_3,recovery,-0.00390625,-0.010780572891235352,836,AGGCTA,1.5908203125,4112,TATCGC,2.046875,4112,TATCGC,2.046875,595,ACTCTN,0.06285945326089859,565,ACTACN,0.10592394322156906,565,ACTACN,0.10592394322156906,False,False,True,-0.0002340376377105713,
9,17,65,head_3,recovery,0.0,-0.015566587448120117,836,AGGCTA,1.587890625,4112,TATCGC,2.0390625,4112,TATCGC,2.0390625,595,ACTCTN,0.06285668909549713,565,ACTACN,0.10631113499403,565,ACTACN,0.10631113499403,False,False,True,0.0002910792827606201,
9,18,65,head_3,recovery,0.00634765625,-0.012299776077270508,836,AGGCTA,1.59765625,4112,TATCGC,2.041015625,4112,TATCGC,2.041015625,595,ACTCTN,0.06275486946105957,565,ACTACN,0.10594313591718674,565,ACTACN,0.10594313591718674,False,False,True,-0.0016547143459320068,
9,19,65,head_3,recovery,0.0224609375,-0.02811872959136963,836,AGGCTA,1.603515625,4112,TATCGC,2.02734375,4112,TATCGC,2.02734375,595,ACTCTN,0.062415800988674164,565,ACTACN,0.10689296573400497,565,ACTACN,0.10689296573400497,False,False,True,-0.0015832781791687012,
9,20,65,head_3,recovery,0.03662109375,-0.027007460594177246,836,AGGCTA,1.615234375,4112,TATCGC,2.021484375,4112,TATCGC,2.021484375,595,ACTCTN,0.06277830898761749,565,ACTACN,0.10716493427753448,565,ACTACN,0.10716493427753448,False,False,True,-0.0030800998210906982,
9,21,65,head_3,recovery,0.04296875,-0.021425366401672363,836,AGGCTA,1.619140625,4112,TATCGC,2.017578125,4112,TATCGC,2.017578125,595,ACTCTN,0.0629584938287735,565,ACTACN,0.10689029842615128,565,ACTACN,0.10689029842615128,False,False,True,-0.0038349032402038574,
9,22,65,head_3,recovery,0.029296875,-0.004569530487060547,836,AGGCTA,1.6123046875,4112,TATCGC,2.02734375,4112,TATCGC,2.02734375,595,ACTCTN,0.06315311789512634,565,ACTACN,0.10571154206991196,565,ACTACN,0.10571154206991196,False,False,True,-0.002611875534057617,
9,23,65,head_3,recovery,0.04296875,-0.044413208961486816,836,AGGCTA,1.6171875,4112,TATCGC,2.015625,4112,TATCGC,2.015625,595,ACTCTN,0.06214439496397972,565,ACTACN,0.10794920474290848,565,ACTACN,0.10794920474290848,False,False,True,-0.002994924783706665,
9,24,65,head_3,recovery,0.04931640625,-0.046962618827819824,836,AGGCTA,1.6171875,4112,TATCGC,2.0078125,4112,TATCGC,2.0078125,595,ACTCTN,0.061995308846235275,565,ACTACN,0.10800784081220627,565,ACTACN,0.10800784081220627,False,False,True,-0.0037981271743774414,
9,25,65,head_3,recovery,0.060546875,-0.046187639236450195,836,AGGCTA,1.625,4112,TATCGC,2.001953125,4112,TATCGC,2.001953125,595,ACTCTN,0.06198345497250557,565,ACTACN,0.10793282836675644,565,ACTACN,0.10793282836675644,False,False,True,-0.0048777759075164795,
9,26,65,head_3,recovery,0.04931640625,-0.016176939010620117,836,AGGCTA,1.62109375,4112,TATCGC,2.01171875,4112,TATCGC,2.01171875,595,ACTCTN,0.062449973076581955,565,ACTACN,0.10595414787530899,565,ACTACN,0.10595414787530899,False,False,True,-0.0031194984912872314,
9,27,65,head_3,recovery,0.03662109375,-0.023049116134643555,836,AGGCTA,1.62109375,4112,TATCGC,2.02734375,4112,TATCGC,2.02734375,595,ACTCTN,0.06220294535160065,565,ACTACN,0.106267049908638,565,ACTACN,0.106267049908638,False,False,True,-0.0017464160919189453,
9,28,65,head_3,recovery,0.0078125,-0.019790172576904297,836,AGGCTA,1.603515625,4112,TATCGC,2.044921875,4112,TATCGC,2.044921875,595,ACTCTN,0.06212044507265091,565,ACTACN,0.1059190183877945,565,ACTACN,0.1059190183877945,False,False,True,0.0012833178043365479,
9,29,65,head_3,recovery,0.01416015625,0.0017677545547485352,836,AGGCTA,1.623046875,4112,TATCGC,2.056640625,4112,TATCGC,2.056640625,595,ACTCTN,0.062167614698410034,565,ACTACN,0.10420969128608704,565,ACTACN,0.10420969128608704,False,False,True,0.0014455616474151611,
9,30,65,head_3,recovery,0.0009765625,0.020147204399108887,836,AGGCTA,1.6064453125,4112,TATCGC,2.056640625,4112,TATCGC,2.056640625,595,ACTCTN,0.06257443130016327,565,ACTACN,0.10311899334192276,565,ACTACN,0.10311899334192276,False,False,True,0.0019866526126861572,
9,31,65,head_3,recovery,-0.0068359375,0.032911837100982666,836,AGGCTA,1.599609375,4112,TATCGC,2.05859375,4112,TATCGC,2.05859375,595,ACTCTN,0.062049202620983124,565,ACTACN,0.10155373066663742,565,ACTACN,0.10155373066663742,False,False,True,-0.0006217360496520996,
9,32,65,head_3,recovery,-0.02734375,-0.02624988555908203,836,AGGCTA,1.57421875,4112,TATCGC,2.05859375,4112,TATCGC,2.05859375,595,ACTCTN,0.06151026859879494,565,ACTACN,0.10583516210317612,565,ACTACN,0.10583516210317612,False,False,True,-0.0010498762130737305,
9,33,65,head_3,recovery,-0.01953125,-0.04746675491333008,836,AGGCTA,1.5927734375,4112,TATCGC,2.068359375,4112,TATCGC,2.068359375,595,ACTCTN,0.06147916987538338,565,ACTACN,0.10753276199102402,565,ACTACN,0.10753276199102402,False,False,True,-0.0015307962894439697,
9,34,65,head_3,recovery,0.00341796875,-0.08065998554229736,836,AGGCTA,1.607421875,4112,TATCGC,2.0546875,4112,TATCGC,2.0546875,595,ACTCTN,0.061749208718538284,565,ACTACN,0.11050732433795929,565,ACTACN,0.11050732433795929,False,False,True,-0.0024550259113311768,
10,0,65,head_3,recovery,-0.001953125,0.029893815517425537,836,AGGCTA,1.5966796875,4112,TATCGC,2.05078125,4112,TATCGC,2.05078125,595,ACTCTN,0.06336984783411026,565,ACTACN,0.10312027484178543,565,ACTACN,0.10312027484178543,False,False,True,-9.739398956298828e-05,
10,1,65,head_3,recovery,0.00634765625,0.026951074600219727,836,AGGCTA,1.603515625,4112,TATCGC,2.046875,4112,TATCGC,2.046875,595,ACTCTN,0.06295269727706909,565,ACTACN,0.10294289141893387,565,ACTACN,0.10294289141893387,False,False,True,-0.0003604292869567871,
10,2,65,head_3,recovery,0.0078125,-0.005250215530395508,836,AGGCTA,1.60546875,4112,TATCGC,2.046875,4112,TATCGC,2.046875,595,ACTCTN,0.06240536645054817,565,ACTACN,0.10501925647258759,565,ACTACN,0.10501925647258759,False,False,True,-0.0001544952392578125,
10,3,65,head_3,recovery,0.0048828125,-0.0008268356323242188,836,AGGCTA,1.6015625,4112,TATCGC,2.046875,4112,TATCGC,2.046875,595,ACTCTN,0.06250858306884766,565,ACTACN,0.10476206243038177,565,ACTACN,0.10476206243038177,False,False,True,2.2739171981811523e-05,
10,4,65,head_3,recovery,0.00341796875,-0.010531067848205566,836,AGGCTA,1.599609375,4112,TATCGC,2.046875,4112,TATCGC,2.046875,595,ACTCTN,0.062444936484098434,565,ACTACN,0.1054890975356102,565,ACTACN,0.1054890975356102,False,False,True,0.0004362761974334717,
10,5,65,head_3,recovery,-0.0009765625,-0.004477500915527344,836,AGGCTA,1.5966796875,4112,TATCGC,2.048828125,4112,TATCGC,2.048828125,595,ACTCTN,0.06233425438404083,565,ACTACN,0.10488518327474594,565,ACTACN,0.10488518327474594,False,False,True,0.0007202625274658203,
10,6,65,head_3,recovery,0.0,0.0210798978805542,836,AGGCTA,1.59375,4112,TATCGC,2.044921875,4112,TATCGC,2.044921875,595,ACTCTN,0.06290815025568008,565,ACTACN,0.10337671637535095,565,ACTACN,0.10337671637535095,False,False,True,0.00039336085319519043,
10,7,65,head_3,recovery,-0.001953125,0.037339746952056885,836,AGGCTA,1.59375,4112,TATCGC,2.046875,4112,TATCGC,2.046875,595,ACTCTN,0.06315089762210846,565,ACTACN,0.10229464620351791,565,ACTACN,0.10229464620351791,False,False,True,0.00024443864822387695,
10,8,65,head_3,recovery,-0.00390625,0.0524594783782959,836,AGGCTA,1.5908203125,4112,TATCGC,2.046875,4112,TATCGC,2.046875,595,ACTCTN,0.06400520354509354,565,ACTACN,0.10191702842712402,565,ACTACN,0.10191702842712402,False,False,True,-0.0004474520683288574,
10,9,65,head_3,recovery,-0.0146484375,0.02540189027786255,836,AGGCTA,1.587890625,4112,TATCGC,2.056640625,4112,TATCGC,2.056640625,595,ACTCTN,0.06307707726955414,565,ACTACN,0.103193499147892,565,ACTACN,0.103193499147892,False,False,True,-0.0003234744071960449,
10,10,65,head_3,recovery,-0.0244140625,0.060115039348602295,836,AGGCTA,1.5732421875,4112,TATCGC,2.0546875,4112,TATCGC,2.0546875,595,ACTCTN,0.06392216682434082,565,ACTACN,0.10121023654937744,565,ACTACN,0.10121023654937744,False,False,True,1.7940998077392578e-05,
10,11,65,head_3,recovery,-0.029296875,0.05160534381866455,836,AGGCTA,1.5810546875,4112,TATCGC,2.068359375,4112,TATCGC,2.068359375,595,ACTCTN,0.06336723268032074,565,ACTACN,0.10134865343570709,565,ACTACN,0.10134865343570709,False,False,True,0.000907212495803833,
10,12,65,head_3,recovery,-0.017578125,0.040843188762664795,836,AGGCTA,1.578125,4112,TATCGC,2.05078125,4112,TATCGC,2.05078125,595,ACTCTN,0.06281054764986038,565,ACTACN,0.1016688421368599,565,ACTACN,0.1016688421368599,False,False,True,0.0011858642101287842,
10,13,65,head_3,recovery,-0.0107421875,0.009080231189727783,836,AGGCTA,1.5908203125,4112,TATCGC,2.0546875,4112,TATCGC,2.0546875,595,ACTCTN,0.062194257974624634,565,ACTACN,0.10364053398370743,565,ACTACN,0.10364053398370743,False,False,True,0.0014957785606384277,
10,14,65,head_3,recovery,-0.01171875,0.021219611167907715,836,AGGCTA,1.5830078125,4112,TATCGC,2.048828125,4112,TATCGC,2.048828125,595,ACTCTN,0.06237661466002464,565,ACTACN,0.10283380001783371,565,ACTACN,0.10283380001783371,False,False,True,0.0006565451622009277,
10,15,65,head_3,recovery,-0.03125,-0.00833439826965332,836,AGGCTA,1.5634765625,4112,TATCGC,2.052734375,4112,TATCGC,2.052734375,595,ACTCTN,0.06155099719762802,565,ACTACN,0.10441617667675018,565,ACTACN,0.10441617667675018,False,False,True,-0.001948326826095581,
10,16,65,head_3,recovery,-0.03515625,-0.0010665655136108398,836,AGGCTA,1.55859375,4112,TATCGC,2.052734375,4112,TATCGC,2.052734375,595,ACTCTN,0.06161627173423767,565,ACTACN,0.10388928651809692,565,ACTACN,0.10388928651809692,False,False,True,-0.003778308629989624,
10,17,65,head_3,recovery,-0.01953125,-0.004998207092285156,836,AGGCTA,1.583984375,4112,TATCGC,2.05859375,4112,TATCGC,2.05859375,595,ACTCTN,0.06266013532876968,565,ACTACN,0.10525348782539368,565,ACTACN,0.10525348782539368,False,False,True,-0.005726218223571777,
10,18,65,head_3,recovery,0.00341796875,0.01503211259841919,836,AGGCTA,1.611328125,4112,TATCGC,2.05859375,4112,TATCGC,2.05859375,595,ACTCTN,0.06349337100982666,565,ACTACN,0.10445469617843628,565,ACTACN,0.10445469617843628,False,False,True,-0.0027715563774108887,
10,19,65,head_3,recovery,0.0126953125,0.02558368444442749,836,AGGCTA,1.619140625,4112,TATCGC,2.0546875,4112,TATCGC,2.0546875,595,ACTCTN,0.06392715871334076,565,ACTACN,0.10402876883745193,565,ACTACN,0.10402876883745193,False,False,True,-0.0007834732532501221,
10,20,65,head_3,recovery,0.01123046875,0.0189206600189209,836,AGGCTA,1.60546875,4112,TATCGC,2.04296875,4112,TATCGC,2.04296875,595,ACTCTN,0.06308569014072418,565,ACTACN,0.10373018682003021,565,ACTACN,0.10373018682003021,False,False,True,0.0018141865730285645,
10,21,65,head_3,recovery,0.01025390625,0.012745320796966553,836,AGGCTA,1.6025390625,4112,TATCGC,2.041015625,4112,TATCGC,2.041015625,595,ACTCTN,0.06310306489467621,565,ACTACN,0.1042507141828537,565,ACTACN,0.1042507141828537,False,False,True,0.001623779535293579,
10,22,65,head_3,recovery,-0.001953125,0.014348030090332031,836,AGGCTA,1.599609375,4112,TATCGC,2.052734375,4112,TATCGC,2.052734375,595,ACTCTN,0.0628104954957962,565,ACTACN,0.10382755845785141,565,ACTACN,0.10382755845785141,False,False,True,0.00019037723541259766,
10,23,65,head_3,recovery,-0.0009765625,0.002304553985595703,836,AGGCTA,1.5927734375,4112,TATCGC,2.044921875,4112,TATCGC,2.044921875,595,ACTCTN,0.06267555058002472,565,ACTACN,0.10467389225959778,565,ACTACN,0.10467389225959778,False,False,True,-0.0007200539112091064,
10,24,65,head_3,recovery,-0.0146484375,0.003313720226287842,836,AGGCTA,1.583984375,4112,TATCGC,2.052734375,4112,TATCGC,2.052734375,595,ACTCTN,0.06274838745594025,565,ACTACN,0.10466450452804565,565,ACTACN,0.10466450452804565,False,False,True,-0.0012103617191314697,
10,25,65,head_3,recovery,-0.0048828125,0.01785188913345337,836,AGGCTA,1.591796875,4112,TATCGC,2.048828125,4112,TATCGC,2.048828125,595,ACTCTN,0.0633762776851654,565,ACTACN,0.10410785675048828,565,ACTACN,0.10410785675048828,False,False,True,-0.001280456781387329,
10,26,65,head_3,recovery,-0.0234375,0.0008068680763244629,836,AGGCTA,1.5927734375,4112,TATCGC,2.072265625,4112,TATCGC,2.072265625,595,ACTCTN,0.062349408864974976,565,ACTACN,0.10446977615356445,565,ACTACN,0.10446977615356445,False,False,True,-0.0010944902896881104,
10,27,65,head_3,recovery,-0.005859375,-0.03650248050689697,836,AGGCTA,1.6064453125,4112,TATCGC,2.064453125,4112,TATCGC,2.064453125,595,ACTCTN,0.06166187301278114,565,ACTACN,0.10682213306427002,565,ACTACN,0.10682213306427002,False,False,True,-0.0011218786239624023,
10,28,65,head_3,recovery,-0.0078125,0.01387709379196167,836,AGGCTA,1.59375,4112,TATCGC,2.0546875,4112,TATCGC,2.0546875,595,ACTCTN,0.06253798305988312,565,ACTACN,0.10359341651201248,565,ACTACN,0.10359341651201248,False,False,True,0.0014590024948120117,
10,29,65,head_3,recovery,-0.017578125,0.01023876667022705,836,AGGCTA,1.609375,4112,TATCGC,2.08203125,4112,TATCGC,2.08203125,595,ACTCTN,0.05858536437153816,565,ACTACN,0.09993724524974823,565,ACTACN,0.09993724524974823,False,False,True,0.0011868476867675781,
10,30,65,head_3,recovery,-0.025390625,0.03756839036941528,836,AGGCTA,1.591796875,4112,TATCGC,2.07421875,4112,TATCGC,2.07421875,595,ACTCTN,0.0593278631567955,565,ACTACN,0.09845298528671265,565,ACTACN,0.09845298528671265,False,False,True,0.0015273988246917725,
10,31,65,head_3,recovery,-0.01953125,-0.0584559440612793,836,AGGCTA,1.59765625,4112,TATCGC,2.072265625,4112,TATCGC,2.072265625,595,ACTCTN,0.05831170454621315,565,ACTACN,0.1052606850862503,565,ACTACN,0.1052606850862503,False,False,True,-0.0011969506740570068,
10,32,65,head_3,recovery,0.00634765625,-0.03267562389373779,836,AGGCTA,1.595703125,4112,TATCGC,2.0390625,4112,TATCGC,2.0390625,595,ACTCTN,0.06253040581941605,565,ACTACN,0.10737885534763336,565,ACTACN,0.10737885534763336,False,False,True,-0.0008777379989624023,
10,33,65,head_3,recovery,0.013671875,-0.037468552589416504,836,AGGCTA,1.6005859375,4112,TATCGC,2.03515625,4112,TATCGC,2.03515625,595,ACTCTN,0.062323905527591705,565,ACTACN,0.10756287723779678,565,ACTACN,0.10756287723779678,False,False,True,-0.0008343756198883057,
10,34,65,head_3,recovery,0.01171875,-0.009513139724731445,836,AGGCTA,1.6103515625,4112,TATCGC,2.046875,4112,TATCGC,2.046875,595,ACTCTN,0.06227105110883713,565,ACTACN,0.10523226857185364,565,ACTACN,0.10523226857185364,False,False,True,-0.0005864202976226807,
11,0,65,head_3,recovery,-0.0068359375,-0.0024150609970092773,836,AGGCTA,1.59375,4112,TATCGC,2.052734375,4112,TATCGC,2.052734375,595,ACTCTN,0.06232701241970062,565,ACTACN,0.10470989346504211,565,ACTACN,0.10470989346504211,False,False,True,0.0005022585391998291,
11,1,65,head_3,recovery,-0.0078125,-0.015157818794250488,836,AGGCTA,1.59375,4112,TATCGC,2.0546875,4112,TATCGC,2.0546875,595,ACTCTN,0.062367841601371765,565,ACTACN,0.10578897595405579,565,ACTACN,0.10578897595405579,False,False,True,0.0006494522094726562,
11,2,65,head_3,recovery,0.00341796875,-0.012086868286132812,836,AGGCTA,1.599609375,4112,TATCGC,2.046875,4112,TATCGC,2.046875,595,ACTCTN,0.06226285174489021,565,ACTACN,0.10543376952409744,565,ACTACN,0.10543376952409744,False,False,True,0.00034609436988830566,
11,3,65,head_3,recovery,-0.0029296875,-0.006051778793334961,836,AGGCTA,1.595703125,4112,TATCGC,2.05078125,4112,TATCGC,2.05078125,595,ACTCTN,0.06205001473426819,565,ACTACN,0.10472921282052994,565,ACTACN,0.10472921282052994,False,False,True,0.00018480420112609863,
11,4,65,head_3,recovery,0.00390625,0.009762346744537354,836,AGGCTA,1.5966796875,4112,TATCGC,2.04296875,4112,TATCGC,2.04296875,595,ACTCTN,0.06231759488582611,565,ACTACN,0.10370828956365585,565,ACTACN,0.10370828956365585,False,False,True,-0.0003076791763305664,
11,5,65,head_3,recovery,-0.00390625,0.014541804790496826,836,AGGCTA,1.5927734375,4112,TATCGC,2.048828125,4112,TATCGC,2.048828125,595,ACTCTN,0.06263383477926254,565,ACTACN,0.10363510996103287,565,ACTACN,0.10363510996103287,False,False,True,-0.00019243359565734863,
11,6,65,head_3,recovery,0.00634765625,-0.027951359748840332,836,AGGCTA,1.591796875,4112,TATCGC,2.03515625,4112,TATCGC,2.03515625,595,ACTCTN,0.061842262744903564,565,ACTACN,0.106305792927742,565,ACTACN,0.106305792927742,False,False,True,-0.0003922581672668457,
11,7,65,head_3,recovery,-0.0009765625,-0.03588759899139404,836,AGGCTA,1.5869140625,4112,TATCGC,2.0390625,4112,TATCGC,2.0390625,595,ACTCTN,0.061629053205251694,565,ACTACN,0.10673921555280685,565,ACTACN,0.10673921555280685,False,False,True,4.461407661437988e-05,
11,8,65,head_3,recovery,-0.0068359375,0.005181550979614258,836,AGGCTA,1.5830078125,4112,TATCGC,2.04296875,4112,TATCGC,2.04296875,595,ACTCTN,0.061948321759700775,565,ACTACN,0.10371225327253342,565,ACTACN,0.10371225327253342,False,False,True,-0.0001551508903503418,
11,9,65,head_3,recovery,-0.005859375,0.023628592491149902,836,AGGCTA,1.5908203125,4112,TATCGC,2.048828125,4112,TATCGC,2.048828125,595,ACTCTN,0.06231551989912987,565,ACTACN,0.10257642716169357,565,ACTACN,0.10257642716169357,False,False,True,0.0017738044261932373,
11,10,65,head_3,recovery,-0.0068359375,0.03218221664428711,836,AGGCTA,1.583984375,4112,TATCGC,2.04296875,4112,TATCGC,2.04296875,595,ACTCTN,0.062431275844573975,565,ACTACN,0.10199525207281113,565,ACTACN,0.10199525207281113,False,False,True,0.0014873743057250977,
11,11,65,head_3,recovery,0.00341796875,0.003341078758239746,836,AGGCTA,1.591796875,4112,TATCGC,2.0390625,4112,TATCGC,2.0390625,595,ACTCTN,0.062392834573984146,565,ACTACN,0.10430672019720078,565,ACTACN,0.10430672019720078,False,False,True,0.0015989243984222412,
11,12,65,head_3,recovery,0.0087890625,0.01910996437072754,836,AGGCTA,1.5927734375,4112,TATCGC,2.033203125,4112,TATCGC,2.033203125,595,ACTCTN,0.06306419521570206,565,ACTACN,0.10369326919317245,565,ACTACN,0.10369326919317245,False,False,True,0.002806425094604492,
11,13,65,head_3,recovery,0.0126953125,0.017861366271972656,836,AGGCTA,1.60546875,4112,TATCGC,2.041015625,4112,TATCGC,2.041015625,595,ACTCTN,0.06325661391019821,565,ACTACN,0.10398741811513901,565,ACTACN,0.10398741811513901,False,False,True,0.001304328441619873,
11,14,65,head_3,recovery,0.0126953125,-0.0023336410522460938,836,AGGCTA,1.607421875,4112,TATCGC,2.04296875,4112,TATCGC,2.04296875,595,ACTCTN,0.06267360597848892,565,ACTACN,0.10504985600709915,565,ACTACN,0.10504985600709915,False,False,True,0.0001531839370727539,
11,15,65,head_3,recovery,-0.0029296875,0.003510773181915283,836,AGGCTA,1.603515625,4112,TATCGC,2.05859375,4112,TATCGC,2.05859375,595,ACTCTN,0.062767393887043,565,ACTACN,0.10466745495796204,565,ACTACN,0.10466745495796204,False,False,True,-0.014836639165878296,
11,16,65,head_3,recovery,-0.0078125,0.016185224056243896,836,AGGCTA,1.607421875,4112,TATCGC,2.068359375,4112,TATCGC,2.068359375,595,ACTCTN,0.0630408227443695,565,ACTACN,0.10390819609165192,565,ACTACN,0.10390819609165192,False,False,True,-0.015437930822372437,
11,17,65,head_3,recovery,-0.005859375,0.10360604524612427,836,AGGCTA,1.6103515625,4112,TATCGC,2.068359375,4112,TATCGC,2.068359375,595,ACTCTN,0.06395700573921204,565,ACTACN,0.09770151972770691,565,ACTACN,0.09770151972770691,False,False,True,-0.005918234586715698,
11,18,65,head_3,recovery,-0.001953125,0.12502413988113403,836,AGGCTA,1.609375,4112,TATCGC,2.0625,4112,TATCGC,2.0625,595,ACTCTN,0.0643773302435875,565,ACTACN,0.09637674689292908,565,ACTACN,0.09637674689292908,False,False,True,0.007711350917816162,
11,19,65,head_3,recovery,0.01611328125,0.1027722954750061,836,AGGCTA,1.607421875,4112,TATCGC,2.0390625,4112,TATCGC,2.0390625,595,ACTCTN,0.06467343866825104,565,ACTACN,0.09848588705062866,565,ACTACN,0.09848588705062866,False,False,True,0.007127642631530762,
11,20,65,head_3,recovery,0.06787109375,0.11105448007583618,836,AGGCTA,1.625,4112,TATCGC,1.9931640625,0,AAAAAN,2.0,595,ACTCTN,0.06722255051136017,565,ACTACN,0.10036018490791321,565,ACTACN,0.10036018490791321,False,False,True,0.0013003349304199219,
11,21,65,head_3,recovery,0.06689453125,0.0772905945777893,836,AGGCTA,1.626953125,4112,TATCGC,1.99609375,0,AAAAAN,2.0,595,ACTCTN,0.06634579598903656,565,ACTACN,0.10223443806171417,565,ACTACN,0.10223443806171417,False,False,True,0.0006327927112579346,
11,22,65,head_3,recovery,0.05908203125,0.07201677560806274,836,AGGCTA,1.625,4112,TATCGC,2.00390625,4112,TATCGC,2.00390625,595,ACTCTN,0.06558290868997574,565,ACTACN,0.10190124809741974,565,ACTACN,0.10190124809741974,False,False,True,0.00017386674880981445,
11,23,65,head_3,recovery,0.0185546875,-0.033007144927978516,836,AGGCTA,1.6103515625,4112,TATCGC,2.0390625,4112,TATCGC,2.0390625,595,ACTCTN,0.06354457139968872,565,ACTACN,0.10842002928256989,565,ACTACN,0.10842002928256989,False,False,True,-0.003382444381713867,
11,24,65,head_3,recovery,0.01904296875,-0.02471625804901123,836,AGGCTA,1.611328125,4112,TATCGC,2.0390625,4112,TATCGC,2.0390625,595,ACTCTN,0.06375407427549362,565,ACTACN,0.1079540103673935,565,ACTACN,0.1079540103673935,False,False,True,-0.002535998821258545,
11,25,65,head_3,recovery,0.01123046875,-0.022098183631896973,836,AGGCTA,1.607421875,4112,TATCGC,2.044921875,4112,TATCGC,2.044921875,595,ACTCTN,0.0639963448047638,565,ACTACN,0.10798297077417374,565,ACTACN,0.10798297077417374,False,False,True,-0.0012992918491363525,
11,26,65,head_3,recovery,0.00146484375,-0.012933015823364258,836,AGGCTA,1.595703125,4112,TATCGC,2.044921875,4112,TATCGC,2.044921875,595,ACTCTN,0.06318657100200653,565,ACTACN,0.10642644017934799,565,ACTACN,0.10642644017934799,False,False,True,-0.0001290440559387207,
11,27,65,head_3,recovery,-0.00390625,0.0029706954956054688,836,AGGCTA,1.5927734375,4112,TATCGC,2.048828125,4112,TATCGC,2.048828125,595,ACTCTN,0.0633297860622406,565,ACTACN,0.10527385026216507,565,ACTACN,0.10527385026216507,False,False,True,-0.0004239082336425781,
11,28,65,head_3,recovery,-0.021484375,0.00701981782913208,836,AGGCTA,1.5869140625,4112,TATCGC,2.064453125,4112,TATCGC,2.064453125,595,ACTCTN,0.06154181808233261,565,ACTACN,0.10315597057342529,565,ACTACN,0.10315597057342529,False,False,True,-2.8908252716064453e-06,
11,29,65,head_3,recovery,-0.0234375,0.0526309609413147,836,AGGCTA,1.58203125,4112,TATCGC,2.0625,4112,TATCGC,2.0625,595,ACTCTN,0.06315579265356064,565,ACTACN,0.1010536476969719,565,ACTACN,0.1010536476969719,False,False,True,-0.0003166496753692627,
11,30,65,head_3,recovery,-0.0146484375,0.06068313121795654,836,AGGCTA,1.59375,4112,TATCGC,2.0625,4112,TATCGC,2.0625,595,ACTCTN,0.06331493705511093,565,ACTACN,0.10055671632289886,565,ACTACN,0.10055671632289886,False,False,True,-0.0005254447460174561,
11,31,65,head_3,recovery,0.00634765625,0.10556310415267944,836,AGGCTA,1.609375,4112,TATCGC,2.052734375,4112,TATCGC,2.052734375,595,ACTCTN,0.06527424603700638,565,ACTACN,0.09885930269956589,565,ACTACN,0.09885930269956589,False,False,True,-0.0013488829135894775,
11,32,65,head_3,recovery,0.02734375,0.07347190380096436,836,AGGCTA,1.62109375,4112,TATCGC,2.0390625,4112,TATCGC,2.0390625,595,ACTCTN,0.0637190118432045,565,ACTACN,0.09991879016160965,565,ACTACN,0.09991879016160965,False,False,True,-0.0009059607982635498,
11,33,65,head_3,recovery,0.02001953125,0.07634752988815308,836,AGGCTA,1.5966796875,4112,TATCGC,2.0234375,4112,TATCGC,2.0234375,595,ACTCTN,0.0640387013554573,565,ACTACN,0.100004181265831,565,ACTACN,0.100004181265831,False,False,True,-0.0008437633514404297,
11,34,65,head_3,recovery,0.0166015625,0.029373228549957275,836,AGGCTA,1.5830078125,4112,TATCGC,2.013671875,4112,TATCGC,2.013671875,595,ACTCTN,0.06357329338788986,565,ACTACN,0.10336613655090332,565,ACTACN,0.10336613655090332,False,False,True,-0.000317990779876709,
12,0,65,head_3,recovery,0.0009765625,0.009390115737915039,836,AGGCTA,1.5966796875,4112,TATCGC,2.046875,4112,TATCGC,2.046875,595,ACTCTN,0.06273218989372253,565,ACTACN,0.10415321588516235,565,ACTACN,0.10415321588516235,False,False,True,-0.001178056001663208,
12,1,65,head_3,recovery,0.0,0.018113136291503906,836,AGGCTA,1.595703125,4112,TATCGC,2.046875,4112,TATCGC,2.046875,595,ACTCTN,0.06312879920005798,565,ACTACN,0.10383909195661545,565,ACTACN,0.10383909195661545,False,False,True,-0.0015981793403625488,
12,2,65,head_3,recovery,-0.0068359375,0.00225067138671875,836,AGGCTA,1.5927734375,4112,TATCGC,2.052734375,4112,TATCGC,2.052734375,595,ACTCTN,0.06282059103250504,565,ACTACN,0.10482332110404968,565,ACTACN,0.10482332110404968,False,False,True,-0.0006767809391021729,
12,3,65,head_3,recovery,-0.01171875,-0.003413558006286621,836,AGGCTA,1.5927734375,4112,TATCGC,2.05859375,4112,TATCGC,2.05859375,595,ACTCTN,0.06252676993608475,565,ACTACN,0.10499101132154465,565,ACTACN,0.10499101132154465,False,False,True,-0.0005025565624237061,
12,4,65,head_3,recovery,-0.0087890625,-0.014639139175415039,836,AGGCTA,1.5927734375,4112,TATCGC,2.0546875,4112,TATCGC,2.0546875,595,ACTCTN,0.062108442187309265,565,ACTACN,0.10548731684684753,565,ACTACN,0.10548731684684753,False,False,True,-0.0005267560482025146,
12,5,65,head_3,recovery,-0.0068359375,-0.01026928424835205,836,AGGCTA,1.5927734375,4112,TATCGC,2.052734375,4112,TATCGC,2.052734375,595,ACTCTN,0.06210711970925331,565,ACTACN,0.10512994974851608,565,ACTACN,0.10512994974851608,False,False,True,-0.0006791353225708008,
12,6,65,head_3,recovery,-0.00390625,-0.028301119804382324,836,AGGCTA,1.5966796875,4112,TATCGC,2.052734375,4112,TATCGC,2.052734375,595,ACTCTN,0.061564892530441284,565,ACTACN,0.10605692118406296,565,ACTACN,0.10605692118406296,False,False,True,-0.002000868320465088,
12,7,65,head_3,recovery,-0.0068359375,-0.02080225944519043,836,AGGCTA,1.59765625,4112,TATCGC,2.056640625,4112,TATCGC,2.056640625,595,ACTCTN,0.06195363402366638,565,ACTACN,0.10583467036485672,565,ACTACN,0.10583467036485672,False,False,True,-0.0022107064723968506,
12,8,65,head_3,recovery,-0.009765625,-0.03703653812408447,836,AGGCTA,1.59765625,4112,TATCGC,2.060546875,4112,TATCGC,2.060546875,595,ACTCTN,0.06154124066233635,565,ACTACN,0.10674501210451126,565,ACTACN,0.10674501210451126,False,False,True,-0.0032740235328674316,
12,9,65,head_3,recovery,-0.0146484375,-0.01383674144744873,836,AGGCTA,1.59375,4112,TATCGC,2.0625,4112,TATCGC,2.0625,595,ACTCTN,0.06212777644395828,565,ACTACN,0.10544127970933914,565,ACTACN,0.10544127970933914,False,False,True,-0.0024409890174865723,
12,10,65,head_3,recovery,-0.0185546875,-0.02162313461303711,836,AGGCTA,1.5869140625,4112,TATCGC,2.060546875,4112,TATCGC,2.060546875,595,ACTCTN,0.06169572100043297,565,ACTACN,0.10564363747835159,565,ACTACN,0.10564363747835159,False,False,True,-0.0022753775119781494,
12,11,65,head_3,recovery,-0.0146484375,-0.006779909133911133,836,AGGCTA,1.587890625,4112,TATCGC,2.056640625,4112,TATCGC,2.056640625,595,ACTCTN,0.062278423458337784,565,ACTACN,0.10501693934202194,565,ACTACN,0.10501693934202194,False,False,True,-0.0009041726589202881,
12,12,65,head_3,recovery,-0.0107421875,-0.011884808540344238,836,AGGCTA,1.5908203125,4112,TATCGC,2.0546875,4112,TATCGC,2.0546875,595,ACTCTN,0.062474071979522705,565,ACTACN,0.10562852770090103,565,ACTACN,0.10562852770090103,False,False,True,-0.0026971399784088135,
12,13,65,head_3,recovery,-0.0048828125,-0.020720720291137695,836,AGGCTA,1.595703125,4112,TATCGC,2.052734375,4112,TATCGC,2.052734375,595,ACTCTN,0.06256695836782455,565,ACTACN,0.10644134879112244,565,ACTACN,0.10644134879112244,False,False,True,-0.002050936222076416,
12,14,65,head_3,recovery,-0.005859375,-0.02282702922821045,836,AGGCTA,1.5966796875,4112,TATCGC,2.0546875,4112,TATCGC,2.0546875,595,ACTCTN,0.06246216222643852,565,ACTACN,0.10650817304849625,565,ACTACN,0.10650817304849625,False,False,True,-0.0016616284847259521,
12,15,65,head_3,recovery,0.0126953125,0.02550339698791504,836,AGGCTA,1.59765625,4112,TATCGC,2.033203125,4112,TATCGC,2.033203125,595,ACTCTN,0.06418130546808243,565,ACTACN,0.1042894572019577,565,ACTACN,0.1042894572019577,False,False,True,-0.00010216236114501953,
12,16,65,head_3,recovery,0.013671875,0.052411675453186035,836,AGGCTA,1.5927734375,4112,TATCGC,2.02734375,4112,TATCGC,2.02734375,595,ACTCTN,0.06443413347005844,565,ACTACN,0.10234985500574112,565,ACTACN,0.10234985500574112,False,False,True,0.00016668438911437988,
12,17,65,head_3,recovery,0.017578125,0.07314729690551758,836,AGGCTA,1.595703125,4112,TATCGC,2.025390625,4112,TATCGC,2.025390625,595,ACTCTN,0.06589841842651367,565,ACTACN,0.1021246463060379,565,ACTACN,0.1021246463060379,False,False,True,-0.010090500116348267,
12,18,65,head_3,recovery,0.0,0.025972366333007812,836,AGGCTA,1.59375,4112,TATCGC,2.044921875,4112,TATCGC,2.044921875,595,ACTCTN,0.06412269175052643,565,ACTACN,0.10419262945652008,565,ACTACN,0.10419262945652008,False,False,True,-0.009532004594802856,
12,19,65,head_3,recovery,0.00341796875,0.01341623067855835,836,AGGCTA,1.591796875,4112,TATCGC,2.0390625,4112,TATCGC,2.0390625,595,ACTCTN,0.06439756602048874,565,ACTACN,0.1054905503988266,565,ACTACN,0.1054905503988266,False,False,True,-0.012108862400054932,
12,20,65,head_3,recovery,-0.001953125,-0.024701833724975586,836,AGGCTA,1.595703125,4112,TATCGC,2.048828125,4112,TATCGC,2.048828125,595,ACTCTN,0.06244587153196335,565,ACTACN,0.1066446304321289,565,ACTACN,0.1066446304321289,False,False,True,-0.0018292069435119629,
12,21,65,head_3,recovery,0.00390625,-0.029067516326904297,836,AGGCTA,1.6005859375,4112,TATCGC,2.046875,4112,TATCGC,2.046875,595,ACTCTN,0.062434952706098557,565,ACTACN,0.10698941349983215,565,ACTACN,0.10698941349983215,False,False,True,-0.0014986991882324219,
12,22,65,head_3,recovery,-0.00390625,-0.04296994209289551,836,AGGCTA,1.6005859375,4112,TATCGC,2.056640625,4112,TATCGC,2.056640625,595,ACTCTN,0.062271181493997574,565,ACTACN,0.10795839130878448,565,ACTACN,0.10795839130878448,False,False,True,-0.0003924369812011719,
12,23,65,head_3,recovery,-0.013671875,-0.048905253410339355,836,AGGCTA,1.6064453125,4112,TATCGC,2.07421875,4112,TATCGC,2.07421875,595,ACTCTN,0.061871323734521866,565,ACTACN,0.10804213583469391,565,ACTACN,0.10804213583469391,False,False,True,-0.0027274489402770996,
12,24,65,head_3,recovery,-0.0146484375,-0.041455984115600586,836,AGGCTA,1.603515625,4112,TATCGC,2.072265625,4112,TATCGC,2.072265625,595,ACTCTN,0.06182638183236122,565,ACTACN,0.10739023238420486,565,ACTACN,0.10739023238420486,False,False,True,-0.0022294223308563232,
12,25,65,head_3,recovery,-0.0263671875,-0.052396178245544434,836,AGGCTA,1.6025390625,4112,TATCGC,2.0859375,4112,TATCGC,2.0859375,595,ACTCTN,0.06123436614871025,565,ACTACN,0.10768960416316986,565,ACTACN,0.10768960416316986,False,False,True,-0.0017439424991607666,
12,26,65,head_3,recovery,-0.0126953125,-0.011397004127502441,836,AGGCTA,1.595703125,4112,TATCGC,2.0625,4112,TATCGC,2.0625,595,ACTCTN,0.06243519112467766,565,ACTACN,0.10554990917444229,565,ACTACN,0.10554990917444229,False,False,True,-0.0006861984729766846,
12,27,65,head_3,recovery,-0.009765625,-0.03393566608428955,836,AGGCTA,1.59765625,4112,TATCGC,2.060546875,4112,TATCGC,2.060546875,595,ACTCTN,0.062406547367572784,565,ACTACN,0.10735765844583511,565,ACTACN,0.10735765844583511,False,False,True,-0.0007756054401397705,
12,28,65,head_3,recovery,-0.029296875,-0.053188323974609375,836,AGGCTA,1.5966796875,4112,TATCGC,2.083984375,4112,TATCGC,2.083984375,595,ACTCTN,0.06096747890114784,565,ACTACN,0.1074872612953186,565,ACTACN,0.1074872612953186,False,False,True,-0.0007887184619903564,
12,29,65,head_3,recovery,-0.068359375,-0.060288429260253906,836,AGGCTA,1.6015625,4112,TATCGC,2.13671875,4112,TATCGC,2.13671875,595,ACTCTN,0.06288496404886246,565,ACTACN,0.10998324304819107,565,ACTACN,0.10998324304819107,False,False,True,-0.0017593801021575928,
12,30,65,head_3,recovery,-0.0634765625,-0.03085768222808838,836,AGGCTA,1.6015625,4112,TATCGC,2.130859375,4112,TATCGC,2.130859375,595,ACTCTN,0.06332695484161377,565,ACTACN,0.10802728682756424,565,ACTACN,0.10802728682756424,False,False,True,-0.0023947954177856445,
12,31,65,head_3,recovery,0.0,-0.0020869970321655273,836,AGGCTA,1.607421875,4112,TATCGC,2.05859375,4112,TATCGC,2.05859375,595,ACTCTN,0.06473851948976517,565,ACTACN,0.1070946753025055,565,ACTACN,0.1070946753025055,False,False,True,-0.002069413661956787,
12,32,65,head_3,recovery,0.0087890625,0.04543888568878174,836,AGGCTA,1.556640625,4112,TATCGC,1.9970703125,0,AAAAAN,2.0,595,ACTCTN,0.06291966885328293,565,ACTACN,0.10140351951122284,565,ACTACN,0.10140351951122284,False,False,True,-0.0008986592292785645,
12,33,65,head_3,recovery,-0.0087890625,0.021802008152008057,836,AGGCTA,1.5517578125,4112,TATCGC,2.013671875,4112,TATCGC,2.013671875,595,ACTCTN,0.061885274946689606,565,ACTACN,0.10229500383138657,565,ACTACN,0.10229500383138657,False,False,True,-0.00047776103019714355,
12,34,65,head_3,recovery,-0.078125,0.020151734352111816,836,AGGCTA,1.501953125,4112,TATCGC,2.048828125,4112,TATCGC,2.048828125,595,ACTCTN,0.06106410548090935,565,ACTACN,0.10160829871892929,565,ACTACN,0.10160829871892929,False,False,True,0.0007787048816680908,
13,0,65,head_3,recovery,-0.0029296875,-0.005735516548156738,836,AGGCTA,1.59765625,4112,TATCGC,2.052734375,4112,TATCGC,2.052734375,595,ACTCTN,0.06262095272541046,565,ACTACN,0.10527437925338745,565,ACTACN,0.10527437925338745,False,False,True,0.00018912553787231445,
13,1,65,head_3,recovery,-0.0078125,0.000630795955657959,836,AGGCTA,1.59375,4112,TATCGC,2.0546875,4112,TATCGC,2.0546875,595,ACTCTN,0.0626620352268219,565,ACTACN,0.10479675233364105,565,ACTACN,0.10479675233364105,False,False,True,0.0003407597541809082,
13,2,65,head_3,recovery,0.0,-0.0012682676315307617,836,AGGCTA,1.59765625,4112,TATCGC,2.048828125,4112,TATCGC,2.048828125,595,ACTCTN,0.06250740587711334,565,ACTACN,0.10479685664176941,565,ACTACN,0.10479685664176941,False,False,True,0.00045186281204223633,
13,3,65,head_3,recovery,-0.0029296875,0.0011475086212158203,836,AGGCTA,1.59765625,4112,TATCGC,2.052734375,4112,TATCGC,2.052734375,595,ACTCTN,0.06258755922317505,565,ACTACN,0.10468017309904099,565,ACTACN,0.10468017309904099,False,False,True,0.0006872415542602539,
13,4,65,head_3,recovery,-0.0078125,0.0029557347297668457,836,AGGCTA,1.59375,4112,TATCGC,2.0546875,4112,TATCGC,2.0546875,595,ACTCTN,0.06261540949344635,565,ACTACN,0.10456069558858871,565,ACTACN,0.10456069558858871,False,False,True,0.0004967749118804932,
13,5,65,head_3,recovery,-0.0078125,0.004840433597564697,836,AGGCTA,1.59375,4112,TATCGC,2.0546875,4112,TATCGC,2.0546875,595,ACTCTN,0.06265045702457428,565,ACTACN,0.10444217920303345,565,ACTACN,0.10444217920303345,False,False,True,0.00039070844650268555,
13,6,65,head_3,recovery,-0.0107421875,-0.006848454475402832,836,AGGCTA,1.58984375,4112,TATCGC,2.0546875,4112,TATCGC,2.0546875,595,ACTCTN,0.06220027431845665,565,ACTACN,0.1049443855881691,565,ACTACN,0.1049443855881691,False,False,True,0.0005779862403869629,
13,7,65,head_3,recovery,-0.005859375,0.002773761749267578,836,AGGCTA,1.5908203125,4112,TATCGC,2.048828125,4112,TATCGC,2.048828125,595,ACTCTN,0.06244741380214691,565,ACTACN,0.10440752655267715,565,ACTACN,0.10440752655267715,False,False,True,0.00010880827903747559,
13,8,65,head_3,recovery,-0.0107421875,-0.00981438159942627,836,AGGCTA,1.5869140625,4112,TATCGC,2.05078125,4112,TATCGC,2.05078125,595,ACTCTN,0.06160961836576462,565,ACTACN,0.10459538549184799,565,ACTACN,0.10459538549184799,False,False,True,0.0017004013061523438,
13,9,65,head_3,recovery,0.0,-0.00532221794128418,836,AGGCTA,1.591796875,4112,TATCGC,2.04296875,4112,TATCGC,2.04296875,595,ACTCTN,0.0619543232023716,565,ACTACN,0.10457408428192139,565,ACTACN,0.10457408428192139,False,False,True,0.0020288825035095215,
13,10,65,head_3,recovery,-0.0087890625,-0.024662256240844727,836,AGGCTA,1.5869140625,4112,TATCGC,2.048828125,4112,TATCGC,2.048828125,595,ACTCTN,0.06146954372525215,565,ACTACN,0.10566508769989014,565,ACTACN,0.10566508769989014,False,False,True,0.003167182207107544,
13,11,65,head_3,recovery,-0.0029296875,-0.014873862266540527,836,AGGCTA,1.59375,4112,TATCGC,2.048828125,4112,TATCGC,2.048828125,595,ACTCTN,0.06205062195658684,565,ACTACN,0.10544862598180771,565,ACTACN,0.10544862598180771,False,False,True,0.002028137445449829,
13,12,65,head_3,recovery,-0.00390625,-0.023300886154174805,836,AGGCTA,1.5927734375,4112,TATCGC,2.048828125,4112,TATCGC,2.048828125,595,ACTCTN,0.06180598586797714,565,ACTACN,0.10589060187339783,565,ACTACN,0.10589060187339783,False,False,True,0.0005447566509246826,
13,13,65,head_3,recovery,0.0,-0.02234482765197754,836,AGGCTA,1.599609375,4112,TATCGC,2.05078125,4112,TATCGC,2.05078125,595,ACTCTN,0.06214939057826996,565,ACTACN,0.1061561107635498,565,ACTACN,0.1061561107635498,False,False,True,-0.001197218894958496,
13,14,65,head_3,recovery,0.0,-0.023409128189086914,836,AGGCTA,1.599609375,4112,TATCGC,2.05078125,4112,TATCGC,2.05078125,595,ACTCTN,0.061968181282281876,565,ACTACN,0.10606162250041962,565,ACTACN,0.10606162250041962,False,False,True,-0.0008216500282287598,
13,15,65,head_3,recovery,0.00244140625,-0.026813387870788574,836,AGGCTA,1.6005859375,4112,TATCGC,2.048828125,4112,TATCGC,2.048828125,595,ACTCTN,0.06189609691500664,565,ACTACN,0.10626690089702606,565,ACTACN,0.10626690089702606,False,False,True,0.0009857714176177979,
13,16,65,head_3,recovery,0.00341796875,-0.037638187408447266,836,AGGCTA,1.595703125,4112,TATCGC,2.04296875,4112,TATCGC,2.04296875,595,ACTCTN,0.062092676758766174,565,ACTACN,0.10734546929597855,565,ACTACN,0.10734546929597855,False,False,True,0.0015939176082611084,
13,17,65,head_3,recovery,-0.0078125,-0.06006050109863281,836,AGGCTA,1.5859375,4112,TATCGC,2.046875,4112,TATCGC,2.046875,595,ACTCTN,0.06260786950588226,565,ACTACN,0.10968758165836334,565,ACTACN,0.10968758165836334,False,False,True,-0.00653192400932312,
13,18,65,head_3,recovery,-0.01171875,-0.0555424690246582,836,AGGCTA,1.5810546875,4112,TATCGC,2.046875,4112,TATCGC,2.046875,595,ACTCTN,0.06292816996574402,565,ACTACN,0.10963976383209229,565,ACTACN,0.10963976383209229,False,False,True,-0.00790327787399292,
13,19,65,head_3,recovery,-0.0126953125,-0.06351292133331299,836,AGGCTA,1.5859375,4112,TATCGC,2.052734375,4112,TATCGC,2.052734375,595,ACTCTN,0.06206996366381645,565,ACTACN,0.10943096876144409,565,ACTACN,0.10943096876144409,False,False,True,-0.00630524754524231,
13,20,65,head_3,recovery,-0.0107421875,-0.04319417476654053,836,AGGCTA,1.6005859375,4112,TATCGC,2.064453125,4112,TATCGC,2.064453125,595,ACTCTN,0.06124119088053703,565,ACTACN,0.106946662068367,565,ACTACN,0.106946662068367,False,False,True,-0.0012600421905517578,
13,21,65,head_3,recovery,-0.0068359375,-0.03355717658996582,836,AGGCTA,1.6005859375,4112,TATCGC,2.060546875,4112,TATCGC,2.060546875,595,ACTCTN,0.06158514320850372,565,ACTACN,0.10650541633367538,565,ACTACN,0.10650541633367538,False,False,True,-0.0012299418449401855,
13,22,65,head_3,recovery,0.00732421875,-0.029400348663330078,836,AGGCTA,1.6103515625,4112,TATCGC,2.052734375,4112,TATCGC,2.052734375,595,ACTCTN,0.061136309057474136,565,ACTACN,0.10571789741516113,565,ACTACN,0.10571789741516113,False,False,True,-0.0010318160057067871,
13,23,65,head_3,recovery,0.009765625,-0.012862801551818848,836,AGGCTA,1.603515625,4112,TATCGC,2.04296875,4112,TATCGC,2.04296875,595,ACTCTN,0.0605226568877697,565,ACTACN,0.10375680029392242,565,ACTACN,0.10375680029392242,False,False,True,0.004192709922790527,
13,24,65,head_3,recovery,0.0078125,-0.011201024055480957,836,AGGCTA,1.6015625,4112,TATCGC,2.04296875,4112,TATCGC,2.04296875,595,ACTCTN,0.06059471517801285,565,ACTACN,0.10369346290826797,565,ACTACN,0.10369346290826797,False,False,True,0.004276752471923828,
13,25,65,head_3,recovery,0.0,0.022205471992492676,836,AGGCTA,1.595703125,4112,TATCGC,2.046875,4112,TATCGC,2.046875,595,ACTCTN,0.06258495897054672,565,ACTACN,0.10296181589365005,565,ACTACN,0.10296181589365005,False,False,True,0.0019101500511169434,
13,26,65,head_3,recovery,0.00634765625,0.017152607440948486,836,AGGCTA,1.603515625,4112,TATCGC,2.046875,4112,TATCGC,2.046875,595,ACTCTN,0.06372566521167755,565,ACTACN,0.1045142188668251,565,ACTACN,0.1045142188668251,False,False,True,0.0005624294281005859,
13,27,65,head_3,recovery,0.02392578125,0.04518824815750122,836,AGGCTA,1.611328125,4112,TATCGC,2.033203125,4112,TATCGC,2.033203125,595,ACTCTN,0.06474759429693222,565,ACTACN,0.1032518669962883,565,ACTACN,0.1032518669962883,False,False,True,0.0017734169960021973,
13,28,65,head_3,recovery,0.02734375,-0.07733607292175293,836,AGGCTA,1.6171875,4112,TATCGC,2.03515625,4112,TATCGC,2.03515625,595,ACTCTN,0.06154876947402954,565,ACTACN,0.11003606021404266,565,ACTACN,0.11003606021404266,False,False,True,0.0016942322254180908,
13,29,65,head_3,recovery,0.02490234375,-0.020804286003112793,836,AGGCTA,1.6025390625,4112,TATCGC,2.0234375,4112,TATCGC,2.0234375,595,ACTCTN,0.0658305361866951,565,ACTACN,0.10971173644065857,565,ACTACN,0.10971173644065857,False,False,True,-0.0013005733489990234,
13,30,65,head_3,recovery,0.0078125,-0.08334553241729736,836,AGGCTA,1.603515625,4112,TATCGC,2.044921875,4112,TATCGC,2.044921875,595,ACTCTN,0.06394854933023453,565,ACTACN,0.11292547732591629,565,ACTACN,0.11292547732591629,False,False,True,-0.0018193721771240234,
13,31,65,head_3,recovery,0.03515625,-0.05213010311126709,836,AGGCTA,1.6015625,4112,TATCGC,2.009765625,4112,TATCGC,2.009765625,595,ACTCTN,0.06323373317718506,565,ACTACN,0.10966729372739792,565,ACTACN,0.10966729372739792,False,False,True,-0.0013431310653686523,
13,32,65,head_3,recovery,0.07958984375,-0.12250125408172607,836,AGGCTA,1.626953125,4112,TATCGC,1.98046875,0,AAAAAN,2.0,595,ACTCTN,0.05932937189936638,565,ACTACN,0.11149661988019943,565,ACTACN,0.11149661988019943,False,False,True,-0.0003387033939361572,
13,33,65,head_3,recovery,0.08056640625,-0.10068178176879883,836,AGGCTA,1.6259765625,4112,TATCGC,1.978515625,0,AAAAAN,2.0,595,ACTCTN,0.0601816289126873,565,ACTACN,0.11057107895612717,565,ACTACN,0.11057107895612717,False,False,True,0.00012451410293579102,
13,34,65,head_3,recovery,0.07080078125,0.0131605863571167,836,AGGCTA,1.6318359375,4112,TATCGC,1.99609375,0,AAAAAN,2.0,595,ACTCTN,0.0642087459564209,565,ACTACN,0.10532256215810776,565,ACTACN,0.10532256215810776,False,False,True,0.00019910931587219238,
14,0,65,head_3,recovery,-0.0029296875,-0.005800724029541016,836,AGGCTA,1.59375,4112,TATCGC,2.048828125,4112,TATCGC,2.048828125,595,ACTCTN,0.06221582740545273,565,ACTACN,0.10487457364797592,565,ACTACN,0.10487457364797592,False,False,True,2.524256706237793e-05,
14,1,65,head_3,recovery,-0.005859375,-0.008330225944519043,836,AGGCTA,1.5908203125,4112,TATCGC,2.048828125,4112,TATCGC,2.048828125,595,ACTCTN,0.06204553321003914,565,ACTACN,0.10491037368774414,565,ACTACN,0.10491037368774414,False,False,True,-0.00018227100372314453,
14,2,65,head_3,recovery,-0.0029296875,-0.0035599470138549805,836,AGGCTA,1.59375,4112,TATCGC,2.048828125,4112,TATCGC,2.048828125,595,ACTCTN,0.062487754970788956,565,ACTACN,0.10496392846107483,565,ACTACN,0.10496392846107483,False,False,True,-0.000749737024307251,
14,3,65,head_3,recovery,0.0,-0.008526802062988281,836,AGGCTA,1.59765625,4112,TATCGC,2.048828125,4112,TATCGC,2.048828125,595,ACTCTN,0.062326859682798386,565,ACTACN,0.10520771890878677,565,ACTACN,0.10520771890878677,False,False,True,-0.00043144822120666504,
14,4,65,head_3,recovery,0.00390625,-0.01661396026611328,836,AGGCTA,1.6064453125,4112,TATCGC,2.052734375,4112,TATCGC,2.052734375,595,ACTCTN,0.06243610382080078,565,ACTACN,0.10597588866949081,565,ACTACN,0.10597588866949081,False,False,True,0.00017967820167541504,
14,5,65,head_3,recovery,0.0048828125,5.936622619628906e-05,836,AGGCTA,1.607421875,4112,TATCGC,2.052734375,4112,TATCGC,2.052734375,595,ACTCTN,0.06253182888031006,565,ACTACN,0.10471310466527939,565,ACTACN,0.10471310466527939,False,False,True,-0.0002474486827850342,
14,6,65,head_3,recovery,0.00341796875,0.006932497024536133,836,AGGCTA,1.607421875,4112,TATCGC,2.0546875,4112,TATCGC,2.0546875,595,ACTCTN,0.06288336217403412,565,ACTACN,0.10450462996959686,565,ACTACN,0.10450462996959686,False,False,True,-0.0006510913372039795,
14,7,65,head_3,recovery,-0.00390625,0.007066607475280762,836,AGGCTA,1.6005859375,4112,TATCGC,2.056640625,4112,TATCGC,2.056640625,595,ACTCTN,0.0627826377749443,565,ACTACN,0.10439297556877136,565,ACTACN,0.10439297556877136,False,False,True,-0.0008435249328613281,
14,8,65,head_3,recovery,-0.005859375,-0.005342960357666016,836,AGGCTA,1.5966796875,4112,TATCGC,2.0546875,4112,TATCGC,2.0546875,595,ACTCTN,0.062496308237314224,565,ACTACN,0.10511774569749832,565,ACTACN,0.10511774569749832,False,False,True,-0.0008964836597442627,
14,9,65,head_3,recovery,-0.0029296875,-0.0008794069290161133,836,AGGCTA,1.599609375,4112,TATCGC,2.0546875,4112,TATCGC,2.0546875,595,ACTCTN,0.062387414276599884,565,ACTACN,0.10464517772197723,565,ACTACN,0.10464517772197723,False,False,True,0.0008400678634643555,
14,10,65,head_3,recovery,0.0,-0.016624808311462402,836,AGGCTA,1.6015625,4112,TATCGC,2.052734375,4112,TATCGC,2.052734375,595,ACTCTN,0.06214165315032005,565,ACTACN,0.10568231344223022,565,ACTACN,0.10568231344223022,False,False,True,0.0004166066646575928,
14,11,65,head_3,recovery,0.00390625,-0.01495504379272461,836,AGGCTA,1.6064453125,4112,TATCGC,2.052734375,4112,TATCGC,2.052734375,595,ACTCTN,0.06227235123515129,565,ACTACN,0.10567697137594223,565,ACTACN,0.10567697137594223,False,False,True,0.0003002583980560303,
14,12,65,head_3,recovery,0.0,-0.03461480140686035,836,AGGCTA,1.603515625,4112,TATCGC,2.0546875,4112,TATCGC,2.0546875,595,ACTCTN,0.06174127012491226,565,ACTACN,0.10674772411584854,565,ACTACN,0.10674772411584854,False,False,True,-0.00039821863174438477,
14,13,65,head_3,recovery,0.0048828125,-0.02016305923461914,836,AGGCTA,1.609375,4112,TATCGC,2.0546875,4112,TATCGC,2.0546875,595,ACTCTN,0.06199641898274422,565,ACTACN,0.10582537204027176,565,ACTACN,0.10582537204027176,False,False,True,-0.0018359124660491943,
14,14,65,head_3,recovery,0.00341796875,-0.03043973445892334,836,AGGCTA,1.607421875,4112,TATCGC,2.0546875,4112,TATCGC,2.0546875,595,ACTCTN,0.06191856414079666,565,ACTACN,0.10658483952283859,565,ACTACN,0.10658483952283859,False,False,True,-0.003059178590774536,
14,15,65,head_3,recovery,-0.0087890625,-0.046578049659729004,836,AGGCTA,1.6005859375,4112,TATCGC,2.0625,4112,TATCGC,2.0625,595,ACTCTN,0.061419710516929626,565,ACTACN,0.10740090161561966,565,ACTACN,0.10740090161561966,False,False,True,-0.00521397590637207,
14,16,65,head_3,recovery,-0.0087890625,-0.044492125511169434,836,AGGCTA,1.5927734375,4112,TATCGC,2.0546875,4112,TATCGC,2.0546875,595,ACTCTN,0.06157403439283371,565,ACTACN,0.10738526284694672,565,ACTACN,0.10738526284694672,False,False,True,0.0004743337631225586,
14,17,65,head_3,recovery,-0.0205078125,-0.06558966636657715,836,AGGCTA,1.591796875,4112,TATCGC,2.068359375,4112,TATCGC,2.068359375,595,ACTCTN,0.06083432957530022,565,ACTACN,0.1083645448088646,565,ACTACN,0.1083645448088646,False,False,True,0.00818738341331482,
14,18,65,head_3,recovery,-0.013671875,-0.032550692558288574,836,AGGCTA,1.5908203125,4112,TATCGC,2.05859375,4112,TATCGC,2.05859375,595,ACTCTN,0.06158186122775078,565,ACTACN,0.1064201295375824,565,ACTACN,0.1064201295375824,False,False,True,0.01201280951499939,
14,19,65,head_3,recovery,-0.01953125,-0.04170083999633789,836,AGGCTA,1.59375,4112,TATCGC,2.068359375,4112,TATCGC,2.068359375,595,ACTCTN,0.06069192290306091,565,ACTACN,0.10627572983503342,565,ACTACN,0.10627572983503342,False,False,True,0.0043125152587890625,
14,20,65,head_3,recovery,-0.001953125,-0.010468363761901855,836,AGGCTA,1.609375,4112,TATCGC,2.0625,4112,TATCGC,2.0625,595,ACTCTN,0.06157619506120682,565,ACTACN,0.10461524873971939,565,ACTACN,0.10461524873971939,False,False,True,4.273653030395508e-05,
14,21,65,head_3,recovery,0.00390625,-0.012673020362854004,836,AGGCTA,1.6123046875,4112,TATCGC,2.05859375,4112,TATCGC,2.05859375,595,ACTCTN,0.061593133956193924,565,ACTACN,0.10481181740760803,565,ACTACN,0.10481181740760803,False,False,True,-0.002391338348388672,
14,22,65,head_3,recovery,0.0087890625,-0.004751324653625488,836,AGGCTA,1.6123046875,4112,TATCGC,2.052734375,4112,TATCGC,2.052734375,595,ACTCTN,0.06238806992769241,565,ACTACN,0.10496130585670471,565,ACTACN,0.10496130585670471,False,False,True,0.0007745027542114258,
14,23,65,head_3,recovery,-0.001953125,-0.009805679321289062,836,AGGCTA,1.603515625,4112,TATCGC,2.056640625,4112,TATCGC,2.056640625,595,ACTCTN,0.06263299286365509,565,ACTACN,0.10561804473400116,565,ACTACN,0.10561804473400116,False,False,True,-0.00011792778968811035,
14,24,65,head_3,recovery,-0.00390625,-0.011239767074584961,836,AGGCTA,1.6025390625,4112,TATCGC,2.05859375,4112,TATCGC,2.05859375,595,ACTCTN,0.06272090971469879,565,ACTACN,0.10582280904054642,565,ACTACN,0.10582280904054642,False,False,True,-0.00025027990341186523,
14,25,65,head_3,recovery,-0.0322265625,-0.036934852600097656,836,AGGCTA,1.5927734375,4112,TATCGC,2.083984375,4112,TATCGC,2.083984375,595,ACTCTN,0.06312952190637589,565,ACTACN,0.10832500457763672,565,ACTACN,0.10832500457763672,False,False,True,-0.003060758113861084,
14,26,65,head_3,recovery,-0.0400390625,-0.03801286220550537,836,AGGCTA,1.5859375,4112,TATCGC,2.0859375,4112,TATCGC,2.0859375,595,ACTCTN,0.06358438730239868,565,ACTACN,0.10886770486831665,565,ACTACN,0.10886770486831665,False,False,True,-0.005515992641448975,
14,27,65,head_3,recovery,-0.0498046875,-0.06813645362854004,836,AGGCTA,1.59765625,4112,TATCGC,2.109375,4112,TATCGC,2.109375,595,ACTCTN,0.06288033723831177,565,ACTACN,0.11061805486679077,565,ACTACN,0.11061805486679077,False,False,True,-0.005276083946228027,
14,28,65,head_3,recovery,-0.0126953125,-0.019351482391357422,836,AGGCTA,1.61328125,4112,TATCGC,2.080078125,4112,TATCGC,2.080078125,595,ACTCTN,0.06422068923711777,565,ACTACN,0.10798351466655731,565,ACTACN,0.10798351466655731,False,False,True,-0.0028283894062042236,
14,29,65,head_3,recovery,0.0126953125,-0.016930460929870605,836,AGGCTA,1.623046875,4112,TATCGC,2.05859375,4112,TATCGC,2.05859375,595,ACTCTN,0.06502670794725418,565,ACTACN,0.10859227180480957,565,ACTACN,0.10859227180480957,False,False,True,-0.0012460947036743164,
14,30,65,head_3,recovery,0.03125,-0.012924671173095703,836,AGGCTA,1.6123046875,4112,TATCGC,2.025390625,4112,TATCGC,2.025390625,595,ACTCTN,0.06425581127405167,565,ACTACN,0.10749499499797821,565,ACTACN,0.10749499499797821,False,False,True,-0.0008676052093505859,
14,31,65,head_3,recovery,0.0947265625,0.07815927267074585,836,AGGCTA,1.6484375,4112,TATCGC,1.9833984375,0,AAAAAN,2.0,595,ACTCTN,0.06319040805101395,565,ACTACN,0.09900826960802078,565,ACTACN,0.09900826960802078,False,False,True,-0.001368105411529541,
14,32,65,head_3,recovery,0.09033203125,0.07819002866744995,836,AGGCTA,1.6591796875,4112,TATCGC,2.0,0,AAAAAN,2.0,595,ACTCTN,0.06342123448848724,565,ACTACN,0.09923659265041351,565,ACTACN,0.09923659265041351,False,False,True,-0.0009805858135223389,
14,33,65,head_3,recovery,0.09423828125,0.11303931474685669,836,AGGCTA,1.66015625,4112,TATCGC,1.99609375,0,AAAAAN,2.0,595,ACTCTN,0.06526219844818115,565,ACTACN,0.09823811054229736,565,ACTACN,0.09823811054229736,False,False,True,-0.0013666152954101562,
14,34,65,head_3,recovery,0.025390625,-0.0033423900604248047,836,AGGCTA,1.630859375,4112,TATCGC,2.05078125,4112,TATCGC,2.05078125,595,ACTCTN,0.06470751017332077,565,ACTACN,0.10716594755649567,565,ACTACN,0.10716594755649567,False,False,True,-0.0010043978691101074,
15,0,65,head_3,recovery,-0.0029296875,-0.007281661033630371,836,AGGCTA,1.59375,4112,TATCGC,2.048828125,4112,TATCGC,2.048828125,595,ACTCTN,0.0626571774482727,565,ACTACN,0.10543657839298248,565,ACTACN,0.10543657839298248,False,False,True,-0.000357210636138916,
15,1,65,head_3,recovery,-0.0048828125,-0.007775306701660156,836,AGGCTA,1.59375,4112,TATCGC,2.05078125,4112,TATCGC,2.05078125,595,ACTCTN,0.06270665675401688,565,ACTACN,0.10552628338336945,565,ACTACN,0.10552628338336945,False,False,True,-0.0004774630069732666,
15,2,65,head_3,recovery,0.0,-0.0074661970138549805,836,AGGCTA,1.59765625,4112,TATCGC,2.048828125,4112,TATCGC,2.048828125,595,ACTCTN,0.06281141936779022,565,ACTACN,0.10560585558414459,565,ACTACN,0.10560585558414459,False,False,True,-0.00026938319206237793,
15,3,65,head_3,recovery,-0.001953125,-0.006281256675720215,836,AGGCTA,1.595703125,4112,TATCGC,2.048828125,4112,TATCGC,2.048828125,595,ACTCTN,0.06272640079259872,565,ACTACN,0.10542429238557816,565,ACTACN,0.10542429238557816,False,False,True,-0.0005375146865844727,
15,4,65,head_3,recovery,0.00146484375,-0.0029845237731933594,836,AGGCTA,1.599609375,4112,TATCGC,2.048828125,4112,TATCGC,2.048828125,595,ACTCTN,0.0627472922205925,565,ACTACN,0.10517657548189163,565,ACTACN,0.10517657548189163,False,False,True,-0.0003955662250518799,
15,5,65,head_3,recovery,0.00244140625,0.0021660327911376953,836,AGGCTA,1.6005859375,4112,TATCGC,2.048828125,4112,TATCGC,2.048828125,595,ACTCTN,0.06282611191272736,565,ACTACN,0.10483574122190475,565,ACTACN,0.10483574122190475,False,False,True,-0.0006059408187866211,
15,6,65,head_3,recovery,0.0,-0.00435793399810791,836,AGGCTA,1.599609375,4112,TATCGC,2.05078125,4112,TATCGC,2.05078125,595,ACTCTN,0.0627797544002533,565,ACTACN,0.10532094538211823,565,ACTACN,0.10532094538211823,False,False,True,-0.00047594308853149414,
15,7,65,head_3,recovery,0.00146484375,-0.002815842628479004,836,AGGCTA,1.599609375,4112,TATCGC,2.048828125,4112,TATCGC,2.048828125,595,ACTCTN,0.06270324438810349,565,ACTACN,0.10511878877878189,565,ACTACN,0.10511878877878189,False,False,True,-8.916854858398438e-05,
15,8,65,head_3,recovery,0.00634765625,-0.014931321144104004,836,AGGCTA,1.59765625,4112,TATCGC,2.041015625,4112,TATCGC,2.041015625,595,ACTCTN,0.06218637153506279,565,ACTACN,0.10558904707431793,565,ACTACN,0.10558904707431793,False,False,True,-0.0004474520683288574,
15,9,65,head_3,recovery,0.00341796875,-0.01349782943725586,836,AGGCTA,1.59765625,4112,TATCGC,2.044921875,4112,TATCGC,2.044921875,595,ACTCTN,0.06232409551739693,565,ACTACN,0.10560997575521469,565,ACTACN,0.10560997575521469,False,False,True,-0.0007265210151672363,
15,10,65,head_3,recovery,0.01123046875,-0.027414679527282715,836,AGGCTA,1.59765625,4112,TATCGC,2.03515625,4112,TATCGC,2.03515625,595,ACTCTN,0.06199163943529129,565,ACTACN,0.10641143471002579,565,ACTACN,0.10641143471002579,False,False,True,-0.0007406771183013916,
15,11,65,head_3,recovery,0.00634765625,-0.016898155212402344,836,AGGCTA,1.599609375,4112,TATCGC,2.04296875,4112,TATCGC,2.04296875,595,ACTCTN,0.06238817423582077,565,ACTACN,0.10595110803842545,565,ACTACN,0.10595110803842545,False,False,True,0.00030609965324401855,
15,12,65,head_3,recovery,0.00390625,-0.019034266471862793,836,AGGCTA,1.5927734375,4112,TATCGC,2.0390625,4112,TATCGC,2.0390625,595,ACTCTN,0.06255151331424713,565,ACTACN,0.10628849267959595,565,ACTACN,0.10628849267959595,False,False,True,-0.0005020201206207275,
15,13,65,head_3,recovery,0.00634765625,0.003964424133300781,836,AGGCTA,1.599609375,4112,TATCGC,2.04296875,4112,TATCGC,2.04296875,595,ACTCTN,0.06294938921928406,565,ACTACN,0.10481248795986176,565,ACTACN,0.10481248795986176,False,False,True,0.00014483928680419922,
15,14,65,head_3,recovery,0.00390625,0.003670334815979004,836,AGGCTA,1.5966796875,4112,TATCGC,2.04296875,4112,TATCGC,2.04296875,595,ACTCTN,0.06290370970964432,565,ACTACN,0.10479076951742172,565,ACTACN,0.10479076951742172,False,False,True,0.0014660954475402832,
15,15,65,head_3,recovery,0.00146484375,-0.005189657211303711,836,AGGCTA,1.59375,4112,TATCGC,2.04296875,4112,TATCGC,2.04296875,595,ACTCTN,0.0627635270357132,565,ACTACN,0.10537248104810715,565,ACTACN,0.10537248104810715,False,False,True,-0.0006187558174133301,
15,16,65,head_3,recovery,0.0,-0.010503172874450684,836,AGGCTA,1.595703125,4112,TATCGC,2.046875,4112,TATCGC,2.046875,595,ACTCTN,0.062460318207740784,565,ACTACN,0.10550220310688019,565,ACTACN,0.10550220310688019,False,False,True,0.0019896328449249268,
15,17,65,head_3,recovery,-0.0029296875,0.007860004901885986,836,AGGCTA,1.591796875,4112,TATCGC,2.046875,4112,TATCGC,2.046875,595,ACTCTN,0.06285343319177628,565,ACTACN,0.10439912974834442,565,ACTACN,0.10439912974834442,False,False,True,3.3974647521972656e-05,
15,18,65,head_3,recovery,0.0,0.013904273509979248,836,AGGCTA,1.595703125,4112,TATCGC,2.046875,4112,TATCGC,2.046875,595,ACTCTN,0.063041090965271,565,ACTACN,0.10409431159496307,565,ACTACN,0.10409431159496307,False,False,True,0.0025680959224700928,
15,19,65,head_3,recovery,0.0,0.037558674812316895,836,AGGCTA,1.595703125,4112,TATCGC,2.046875,4112,TATCGC,2.046875,595,ACTCTN,0.06350407004356384,565,ACTACN,0.10262998193502426,565,ACTACN,0.10262998193502426,False,False,True,-0.0016116499900817871,
15,20,65,head_3,recovery,0.0009765625,0.011271297931671143,836,AGGCTA,1.5908203125,4112,TATCGC,2.041015625,4112,TATCGC,2.041015625,595,ACTCTN,0.06326768547296524,565,ACTACN,0.10453543812036514,565,ACTACN,0.10453543812036514,False,False,True,-0.005926787853240967,
15,21,65,head_3,recovery,-0.001953125,0.013772070407867432,836,AGGCTA,1.587890625,4112,TATCGC,2.041015625,4112,TATCGC,2.041015625,595,ACTCTN,0.06327783316373825,565,ACTACN,0.10434182733297348,565,ACTACN,0.10434182733297348,False,False,True,-0.006218314170837402,
15,22,65,head_3,recovery,0.0,-0.009914159774780273,836,AGGCTA,1.587890625,4112,TATCGC,2.0390625,4112,TATCGC,2.0390625,595,ACTCTN,0.06262237578630447,565,ACTACN,0.10561627149581909,565,ACTACN,0.10561627149581909,False,False,True,-0.006332188844680786,
15,23,65,head_3,recovery,-0.0048828125,0.0090484619140625,836,AGGCTA,1.587890625,4112,TATCGC,2.044921875,4112,TATCGC,2.044921875,595,ACTCTN,0.0636708065867424,565,ACTACN,0.10511966794729233,565,ACTACN,0.10511966794729233,False,False,True,-0.003262162208557129,
15,24,65,head_3,recovery,-0.0087890625,0.0034685134887695312,836,AGGCTA,1.5869140625,4112,TATCGC,2.048828125,4112,TATCGC,2.048828125,595,ACTCTN,0.06376106292009354,565,ACTACN,0.10566456615924835,565,ACTACN,0.10566456615924835,False,False,True,-0.0032063722610473633,
15,25,65,head_3,recovery,-0.0126953125,0.0349423885345459,836,AGGCTA,1.5859375,4112,TATCGC,2.052734375,4112,TATCGC,2.052734375,595,ACTCTN,0.06449156254529953,565,ACTACN,0.10383064299821854,565,ACTACN,0.10383064299821854,False,False,True,-0.0008108615875244141,
15,26,65,head_3,recovery,-0.01953125,0.030944764614105225,836,AGGCTA,1.587890625,4112,TATCGC,2.0625,4112,TATCGC,2.0625,595,ACTCTN,0.06410139799118042,565,ACTACN,0.10376619547605515,565,ACTACN,0.10376619547605515,False,False,True,-0.0005457103252410889,
15,27,65,head_3,recovery,-0.0322265625,0.013995110988616943,836,AGGCTA,1.583984375,4112,TATCGC,2.07421875,4112,TATCGC,2.07421875,595,ACTCTN,0.06248966231942177,565,ACTACN,0.1035354807972908,565,ACTACN,0.1035354807972908,False,False,True,-0.0005109906196594238,
15,28,65,head_3,recovery,-0.041015625,-0.009919047355651855,836,AGGCTA,1.58203125,4112,TATCGC,2.083984375,4112,TATCGC,2.083984375,595,ACTCTN,0.06134142354130745,565,ACTACN,0.104335717856884,565,ACTACN,0.104335717856884,False,False,True,-0.0022160708904266357,
15,29,65,head_3,recovery,-0.0849609375,-0.013441324234008789,836,AGGCTA,1.5341796875,4112,TATCGC,2.08984375,4112,TATCGC,2.08984375,595,ACTCTN,0.06170973181724548,565,ACTACN,0.10499101132154465,565,ACTACN,0.10499101132154465,False,False,True,-0.0015986263751983643,
15,30,65,head_3,recovery,-0.0654296875,0.03592926263809204,836,AGGCTA,1.568359375,4112,TATCGC,2.099609375,4112,TATCGC,2.099609375,595,ACTCTN,0.06356426328420639,565,ACTACN,0.1028229370713234,565,ACTACN,0.1028229370713234,False,False,True,-0.0011557936668395996,
15,31,65,head_3,recovery,-0.02734375,-0.05653882026672363,836,AGGCTA,1.609375,4112,TATCGC,2.09375,4112,TATCGC,2.09375,595,ACTCTN,0.06485458463430405,565,ACTACN,0.1116473525762558,565,ACTACN,0.1116473525762558,False,False,True,-0.00104445219039917,
15,32,65,head_3,recovery,-0.0009765625,-0.08793497085571289,836,AGGCTA,1.6611328125,4112,TATCGC,2.11328125,4112,TATCGC,2.11328125,595,ACTCTN,0.0609712190926075,565,ACTACN,0.11032208055257797,565,ACTACN,0.11032208055257797,False,False,True,-0.0006524920463562012,
15,33,65,head_3,recovery,0.01123046875,-0.15412330627441406,836,AGGCTA,1.650390625,4112,TATCGC,2.087890625,4112,TATCGC,2.087890625,595,ACTCTN,0.06000138074159622,565,ACTACN,0.1147451251745224,565,ACTACN,0.1147451251745224,False,False,True,-0.0009556114673614502,
15,34,65,head_3,recovery,-0.0361328125,-0.04718673229217529,836,AGGCTA,1.6103515625,4112,TATCGC,2.10546875,4112,TATCGC,2.10546875,595,ACTCTN,0.06004265695810318,565,ACTACN,0.10607343912124634,565,ACTACN,0.10607343912124634,False,False,True,-0.0008035898208618164,
16,0,65,head_3,recovery,0.0,-0.008051156997680664,836,AGGCTA,1.59765625,4112,TATCGC,2.048828125,4112,TATCGC,2.048828125,595,ACTCTN,0.06247856840491295,565,ACTACN,0.10532066971063614,565,ACTACN,0.10532066971063614,False,False,True,-0.0003663599491119385,
16,1,65,head_3,recovery,0.00146484375,-0.008052229881286621,836,AGGCTA,1.599609375,4112,TATCGC,2.048828125,4112,TATCGC,2.048828125,595,ACTCTN,0.06233832240104675,565,ACTACN,0.10518050938844681,565,ACTACN,0.10518050938844681,False,False,True,-0.0006701052188873291,
16,2,65,head_3,recovery,0.0009765625,-0.005281925201416016,836,AGGCTA,1.6005859375,4112,TATCGC,2.05078125,4112,TATCGC,2.05078125,595,ACTCTN,0.062383346259593964,565,ACTACN,0.10499981790781021,565,ACTACN,0.10499981790781021,False,False,True,-0.0005869269371032715,
16,3,65,head_3,recovery,0.00146484375,-0.007101535797119141,836,AGGCTA,1.6015625,4112,TATCGC,2.05078125,4112,TATCGC,2.05078125,595,ACTCTN,0.06241021677851677,565,ACTACN,0.1051749512553215,565,ACTACN,0.1051749512553215,False,False,True,-0.0003381669521331787,
16,4,65,head_3,recovery,0.0,-0.0036162137985229492,836,AGGCTA,1.59765625,4112,TATCGC,2.048828125,4112,TATCGC,2.048828125,595,ACTCTN,0.0625062808394432,565,ACTACN,0.10498703271150589,565,ACTACN,0.10498703271150589,False,False,True,-7.811188697814941e-05,
16,5,65,head_3,recovery,0.0,-0.0011715888977050781,836,AGGCTA,1.59765625,4112,TATCGC,2.048828125,4112,TATCGC,2.048828125,595,ACTCTN,0.0626022219657898,565,ACTACN,0.10488379001617432,565,ACTACN,0.10488379001617432,False,False,True,-0.00012251734733581543,
16,6,65,head_3,recovery,0.0,-0.0035897493362426758,836,AGGCTA,1.59765625,4112,TATCGC,2.048828125,4112,TATCGC,2.048828125,595,ACTCTN,0.06263768672943115,565,ACTACN,0.10511628538370132,565,ACTACN,0.10511628538370132,False,False,True,-0.00016257166862487793,
16,7,65,head_3,recovery,0.00146484375,-0.0005582571029663086,836,AGGCTA,1.599609375,4112,TATCGC,2.048828125,4112,TATCGC,2.048828125,595,ACTCTN,0.06259693950414658,565,ACTACN,0.10482853651046753,565,ACTACN,0.10482853651046753,False,False,True,-2.041459083557129e-05,
16,8,65,head_3,recovery,0.00244140625,0.0017111897468566895,836,AGGCTA,1.6005859375,4112,TATCGC,2.048828125,4112,TATCGC,2.048828125,595,ACTCTN,0.06283130496740341,565,ACTACN,0.10487799346446991,565,ACTACN,0.10487799346446991,False,False,True,-3.7848949432373047e-06,
16,9,65,head_3,recovery,0.00146484375,0.00048613548278808594,836,AGGCTA,1.59765625,4112,TATCGC,2.046875,4112,TATCGC,2.046875,595,ACTCTN,0.06276293098926544,565,ACTACN,0.10490943491458893,565,ACTACN,0.10490943491458893,False,False,True,0.00030484795570373535,
16,10,65,head_3,recovery,0.00244140625,-0.0022869110107421875,836,AGGCTA,1.6005859375,4112,TATCGC,2.048828125,4112,TATCGC,2.048828125,595,ACTCTN,0.06279142200946808,565,ACTACN,0.10516386479139328,565,ACTACN,0.10516386479139328,False,False,True,-0.0005617737770080566,
16,11,65,head_3,recovery,0.00146484375,-0.00627589225769043,836,AGGCTA,1.59765625,4112,TATCGC,2.046875,4112,TATCGC,2.046875,595,ACTCTN,0.06257480382919312,565,ACTACN,0.10527226328849792,565,ACTACN,0.10527226328849792,False,False,True,-0.00045627355575561523,
16,12,65,head_3,recovery,0.00341796875,-0.004747152328491211,836,AGGCTA,1.599609375,4112,TATCGC,2.046875,4112,TATCGC,2.046875,595,ACTCTN,0.06263712048530579,565,ACTACN,0.10521002113819122,565,ACTACN,0.10521002113819122,False,False,True,0.00012353062629699707,
16,13,65,head_3,recovery,0.00146484375,0.0005246996879577637,836,AGGCTA,1.595703125,4112,TATCGC,2.044921875,4112,TATCGC,2.044921875,595,ACTCTN,0.0626772791147232,565,ACTACN,0.10482063889503479,565,ACTACN,0.10482063889503479,False,False,True,0.0019271373748779297,
16,14,65,head_3,recovery,0.00341796875,0.00253140926361084,836,AGGCTA,1.59765625,4112,TATCGC,2.044921875,4112,TATCGC,2.044921875,595,ACTCTN,0.06272667646408081,565,ACTACN,0.1047065332531929,565,ACTACN,0.1047065332531929,False,False,True,0.006389230489730835,
16,15,65,head_3,recovery,0.00146484375,0.0019835829734802246,836,AGGCTA,1.599609375,4112,TATCGC,2.048828125,4112,TATCGC,2.048828125,595,ACTCTN,0.06263833492994308,565,ACTACN,0.10466282814741135,565,ACTACN,0.10466282814741135,False,False,True,0.008374184370040894,
16,16,65,head_3,recovery,0.0,0.0012533068656921387,836,AGGCTA,1.59765625,4112,TATCGC,2.048828125,4112,TATCGC,2.048828125,595,ACTCTN,0.06261036545038223,565,ACTACN,0.10469435900449753,565,ACTACN,0.10469435900449753,False,False,True,0.013046026229858398,
16,17,65,head_3,recovery,-0.0009765625,-0.000944972038269043,836,AGGCTA,1.6005859375,4112,TATCGC,2.052734375,4112,TATCGC,2.052734375,595,ACTCTN,0.06273151934146881,565,ACTACN,0.10499462485313416,565,ACTACN,0.10499462485313416,False,False,True,0.018035560846328735,
16,18,65,head_3,recovery,-0.0029296875,-0.004040837287902832,836,AGGCTA,1.599609375,4112,TATCGC,2.0546875,4112,TATCGC,2.0546875,595,ACTCTN,0.06268950551748276,565,ACTACN,0.10520485788583755,565,ACTACN,0.10520485788583755,False,False,True,0.013434171676635742,
16,19,65,head_3,recovery,-0.0029296875,-0.000453948974609375,836,AGGCTA,1.599609375,4112,TATCGC,2.0546875,4112,TATCGC,2.0546875,595,ACTCTN,0.06261041015386581,565,ACTACN,0.10483350604772568,565,ACTACN,0.10483350604772568,False,False,True,0.01026463508605957,
16,20,65,head_3,recovery,-0.0107421875,0.0426023006439209,836,AGGCTA,1.59375,4112,TATCGC,2.05859375,4112,TATCGC,2.05859375,595,ACTCTN,0.06351954489946365,565,ACTACN,0.10223451256752014,565,ACTACN,0.10223451256752014,False,False,True,-0.0049540698528289795,
16,21,65,head_3,recovery,-0.0107421875,0.04025524854660034,836,AGGCTA,1.59375,4112,TATCGC,2.05859375,4112,TATCGC,2.05859375,595,ACTCTN,0.06350036710500717,565,ACTACN,0.1024065688252449,565,ACTACN,0.1024065688252449,False,False,True,-0.0020961761474609375,
16,22,65,head_3,recovery,-0.0087890625,0.03538715839385986,836,AGGCTA,1.5966796875,4112,TATCGC,2.05859375,4112,TATCGC,2.05859375,595,ACTCTN,0.06333431601524353,565,ACTACN,0.1026371568441391,565,ACTACN,0.1026371568441391,False,False,True,-0.0035634636878967285,
16,23,65,head_3,recovery,0.00146484375,-0.024351000785827637,836,AGGCTA,1.59765625,4112,TATCGC,2.046875,4112,TATCGC,2.046875,595,ACTCTN,0.061744797974824905,565,ACTACN,0.10591498017311096,565,ACTACN,0.10591498017311096,False,False,True,0.0028335154056549072,
16,24,65,head_3,recovery,0.00634765625,-0.021796107292175293,836,AGGCTA,1.599609375,4112,TATCGC,2.04296875,4112,TATCGC,2.04296875,595,ACTCTN,0.061924323439598083,565,ACTACN,0.10588633269071579,565,ACTACN,0.10588633269071579,False,False,True,0.0017802417278289795,
16,25,65,head_3,recovery,0.00634765625,-0.018676400184631348,836,AGGCTA,1.599609375,4112,TATCGC,2.04296875,4112,TATCGC,2.04296875,595,ACTCTN,0.06231560930609703,565,ACTACN,0.10602343827486038,565,ACTACN,0.10602343827486038,False,False,True,0.00044095516204833984,
16,26,65,head_3,recovery,0.0048828125,-0.0017786026000976562,836,AGGCTA,1.599609375,4112,TATCGC,2.044921875,4112,TATCGC,2.044921875,595,ACTCTN,0.0630832314491272,565,ACTACN,0.1054142564535141,565,ACTACN,0.1054142564535141,False,False,True,-0.0004163682460784912,
16,27,65,head_3,recovery,0.00537109375,-0.007852315902709961,836,AGGCTA,1.6025390625,4112,TATCGC,2.046875,4112,TATCGC,2.046875,595,ACTCTN,0.06329552829265594,565,ACTACN,0.10612142831087112,565,ACTACN,0.10612142831087112,False,False,True,-0.00018358230590820312,
16,28,65,head_3,recovery,0.00146484375,-0.006894350051879883,836,AGGCTA,1.595703125,4112,TATCGC,2.044921875,4112,TATCGC,2.044921875,595,ACTCTN,0.06385960429906845,565,ACTACN,0.10660745203495026,565,ACTACN,0.10660745203495026,False,False,True,-0.0003164708614349365,
16,29,65,head_3,recovery,-0.01171875,-0.035889387130737305,836,AGGCTA,1.6162109375,4112,TATCGC,2.08203125,4112,TATCGC,2.08203125,595,ACTCTN,0.063387930393219,565,ACTACN,0.1084982305765152,565,ACTACN,0.1084982305765152,False,False,True,0.00018107891082763672,
16,30,65,head_3,recovery,-0.0107421875,-0.002049565315246582,836,AGGCTA,1.611328125,4112,TATCGC,2.076171875,4112,TATCGC,2.076171875,595,ACTCTN,0.06427692621946335,565,ACTACN,0.10663003474473953,565,ACTACN,0.10663003474473953,False,False,True,0.000493466854095459,
16,31,65,head_3,recovery,-0.00390625,-0.05170273780822754,836,AGGCTA,1.6650390625,4112,TATCGC,2.12109375,4112,TATCGC,2.12109375,595,ACTCTN,0.06489091366529465,565,ACTACN,0.11128965020179749,565,ACTACN,0.11128965020179749,False,False,True,0.0015100538730621338,
16,32,65,head_3,recovery,-0.03515625,0.038768768310546875,836,AGGCTA,1.6640625,4112,TATCGC,2.158203125,4112,TATCGC,2.158203125,595,ACTCTN,0.0653168335556984,565,ACTACN,0.10434415191411972,565,ACTACN,0.10434415191411972,False,False,True,0.0009341835975646973,
16,33,65,head_3,recovery,-0.0400390625,-0.04655027389526367,836,AGGCTA,1.669921875,4112,TATCGC,2.169921875,4112,TATCGC,2.169921875,595,ACTCTN,0.06249292567372322,565,ACTACN,0.10847184807062149,565,ACTACN,0.10847184807062149,False,False,True,0.00025576353073120117,
16,34,65,head_3,recovery,-0.041015625,-0.0011858940124511719,836,AGGCTA,1.6259765625,4112,TATCGC,2.126953125,4112,TATCGC,2.126953125,595,ACTCTN,0.06212820112705231,565,ACTACN,0.10441093891859055,565,ACTACN,0.10441093891859055,False,False,True,-0.0005505383014678955,
17,0,65,head_3,recovery,0.0,-1.1920928955078125e-06,836,AGGCTA,1.59765625,4112,TATCGC,2.048828125,4112,TATCGC,2.048828125,595,ACTCTN,0.06259365379810333,565,ACTACN,0.10477986186742783,565,ACTACN,0.10477986186742783,False,False,True,-0.00023740530014038086,
17,1,65,head_3,recovery,0.0,7.152557373046875e-07,836,AGGCTA,1.59765625,4112,TATCGC,2.048828125,4112,TATCGC,2.048828125,595,ACTCTN,0.06259343028068542,565,ACTACN,0.10477948188781738,565,ACTACN,0.10477948188781738,False,False,True,-0.0004359781742095947,
17,2,65,head_3,recovery,0.0,2.777576446533203e-05,836,AGGCTA,1.59765625,4112,TATCGC,2.048828125,4112,TATCGC,2.048828125,595,ACTCTN,0.06259489059448242,565,ACTACN,0.10477873682975769,565,ACTACN,0.10477873682975769,False,False,True,-0.0005709528923034668,
17,3,65,head_3,recovery,0.0,1.2159347534179688e-05,836,AGGCTA,1.59765625,4112,TATCGC,2.048828125,4112,TATCGC,2.048828125,595,ACTCTN,0.06259440630674362,565,ACTACN,0.10477952659130096,565,ACTACN,0.10477952659130096,False,False,True,-0.0004387795925140381,
17,4,65,head_3,recovery,0.0,1.0311603546142578e-05,836,AGGCTA,1.59765625,4112,TATCGC,2.048828125,4112,TATCGC,2.048828125,595,ACTCTN,0.06259461492300034,565,ACTACN,0.10477988421916962,565,ACTACN,0.10477988421916962,False,False,True,-0.00035125017166137695,
17,5,65,head_3,recovery,0.0,-1.5497207641601562e-06,836,AGGCTA,1.59765625,4112,TATCGC,2.048828125,4112,TATCGC,2.048828125,595,ACTCTN,0.06259369850158691,565,ACTACN,0.1047799363732338,565,ACTACN,0.1047799363732338,False,False,True,-0.0002396106719970703,
17,6,65,head_3,recovery,0.0,-1.1920928955078125e-06,836,AGGCTA,1.59765625,4112,TATCGC,2.048828125,4112,TATCGC,2.048828125,595,ACTCTN,0.06259365379810333,565,ACTACN,0.10477986186742783,565,ACTACN,0.10477986186742783,False,False,True,-0.00019094347953796387,
17,7,65,head_3,recovery,0.0,-1.7881393432617188e-06,836,AGGCTA,1.59765625,4112,TATCGC,2.048828125,4112,TATCGC,2.048828125,595,ACTCTN,0.0625937357544899,565,ACTACN,0.10477999597787857,565,ACTACN,0.10477999597787857,False,False,True,-0.00018829107284545898,
17,8,65,head_3,recovery,0.0,1.7642974853515625e-05,836,AGGCTA,1.59765625,4112,TATCGC,2.048828125,4112,TATCGC,2.048828125,595,ACTCTN,0.0625937432050705,565,ACTACN,0.10477841645479202,565,ACTACN,0.10477841645479202,False,False,True,-0.00031316280364990234,
17,9,65,head_3,recovery,0.0,2.110004425048828e-05,836,AGGCTA,1.59765625,4112,TATCGC,2.048828125,4112,TATCGC,2.048828125,595,ACTCTN,0.06259333342313766,565,ACTACN,0.10477772355079651,565,ACTACN,0.10477772355079651,False,False,True,-0.0005635321140289307,
17,10,65,head_3,recovery,0.0,6.264448165893555e-05,836,AGGCTA,1.59765625,4112,TATCGC,2.048828125,4112,TATCGC,2.048828125,595,ACTCTN,0.06259304285049438,565,ACTACN,0.10477405041456223,565,ACTACN,0.10477405041456223,False,False,True,-0.0005248486995697021,
17,11,65,head_3,recovery,0.0,6.496906280517578e-06,836,AGGCTA,1.59765625,4112,TATCGC,2.048828125,4112,TATCGC,2.048828125,595,ACTCTN,0.06259509176015854,565,ACTACN,0.10478067398071289,565,ACTACN,0.10478067398071289,False,False,True,-0.000595390796661377,
17,12,65,head_3,recovery,0.0,-9.894371032714844e-06,836,AGGCTA,1.59765625,4112,TATCGC,2.048828125,4112,TATCGC,2.048828125,595,ACTCTN,0.06259232014417648,565,ACTACN,0.10477923601865768,565,ACTACN,0.10477923601865768,False,False,True,-0.0006263554096221924,
17,13,65,head_3,recovery,0.0,-0.00023376941680908203,836,AGGCTA,1.59765625,4112,TATCGC,2.048828125,4112,TATCGC,2.048828125,595,ACTCTN,0.06259329617023468,565,ACTACN,0.10479845106601715,565,ACTACN,0.10479845106601715,False,False,True,-0.0006625652313232422,
17,14,65,head_3,recovery,0.0,-0.0002703666687011719,836,AGGCTA,1.59765625,4112,TATCGC,2.048828125,4112,TATCGC,2.048828125,595,ACTCTN,0.0625929981470108,565,ACTACN,0.10480114072561264,565,ACTACN,0.10480114072561264,False,False,True,0.000661998987197876,
17,15,65,head_3,recovery,0.0,-0.0005918741226196289,836,AGGCTA,1.59765625,4112,TATCGC,2.048828125,4112,TATCGC,2.048828125,595,ACTCTN,0.06259388476610184,565,ACTACN,0.10482821613550186,565,ACTACN,0.10482821613550186,False,False,True,0.0014013051986694336,
17,16,65,head_3,recovery,0.0,-0.000553131103515625,836,AGGCTA,1.59765625,4112,TATCGC,2.048828125,4112,TATCGC,2.048828125,595,ACTCTN,0.06260105967521667,565,ACTACN,0.1048322394490242,565,ACTACN,0.1048322394490242,False,False,True,0.0019438862800598145,
17,17,65,head_3,recovery,0.0,-0.00039768218994140625,836,AGGCTA,1.59765625,4112,TATCGC,2.048828125,4112,TATCGC,2.048828125,595,ACTCTN,0.06260362267494202,565,ACTACN,0.10482213646173477,565,ACTACN,0.10482213646173477,False,False,True,-0.002787292003631592,
17,18,65,head_3,recovery,0.0,0.00014585256576538086,836,AGGCTA,1.59765625,4112,TATCGC,2.048828125,4112,TATCGC,2.048828125,595,ACTCTN,0.06259723007678986,565,ACTACN,0.1047714576125145,565,ACTACN,0.1047714576125145,False,False,True,-0.005445808172225952,
17,19,65,head_3,recovery,0.0,-0.0015223026275634766,836,AGGCTA,1.59765625,4112,TATCGC,2.048828125,4112,TATCGC,2.048828125,595,ACTCTN,0.06259477883577347,565,ACTACN,0.10490492731332779,565,ACTACN,0.10490492731332779,False,False,True,-0.00915876030921936,
17,20,65,head_3,recovery,0.0,4.6193599700927734e-05,836,AGGCTA,1.59765625,4112,TATCGC,2.048828125,4112,TATCGC,2.048828125,595,ACTCTN,0.06265439838171005,565,ACTACN,0.10483674705028534,565,ACTACN,0.10483674705028534,False,False,True,-0.00744175910949707,
17,21,65,head_3,recovery,0.0,-0.0003895759582519531,836,AGGCTA,1.59765625,4112,TATCGC,2.048828125,4112,TATCGC,2.048828125,595,ACTCTN,0.0626714676618576,565,ACTACN,0.10488931834697723,565,ACTACN,0.10488931834697723,False,False,True,-0.006670534610748291,
17,22,65,head_3,recovery,0.0,-3.7670135498046875e-05,836,AGGCTA,1.59765625,4112,TATCGC,2.048828125,4112,TATCGC,2.048828125,595,ACTCTN,0.06259094923734665,565,ACTACN,0.10478013008832932,565,ACTACN,0.10478013008832932,False,False,True,-0.003464221954345703,
17,23,65,head_3,recovery,0.0,0.003041684627532959,836,AGGCTA,1.59765625,4112,TATCGC,2.048828125,4112,TATCGC,2.048828125,595,ACTCTN,0.06246235594153404,565,ACTACN,0.1044006422162056,565,ACTACN,0.1044006422162056,False,False,True,-0.0016088485717773438,
17,24,65,head_3,recovery,0.0,0.006610214710235596,836,AGGCTA,1.59765625,4112,TATCGC,2.048828125,4112,TATCGC,2.048828125,595,ACTCTN,0.06247241795063019,565,ACTACN,0.10411994159221649,565,ACTACN,0.10411994159221649,False,False,True,-0.0004271566867828369,
17,25,65,head_3,recovery,0.0,0.013148844242095947,836,AGGCTA,1.59765625,4112,TATCGC,2.048828125,4112,TATCGC,2.048828125,595,ACTCTN,0.062407173216342926,565,ACTACN,0.10352194309234619,565,ACTACN,0.10352194309234619,False,False,True,-0.0010214149951934814,
17,26,65,head_3,recovery,0.0,0.013180136680603027,836,AGGCTA,1.59765625,4112,TATCGC,2.048828125,4112,TATCGC,2.048828125,595,ACTCTN,0.062312301248311996,565,ACTACN,0.10342451930046082,565,ACTACN,0.10342451930046082,False,False,True,-0.0012359917163848877,
17,27,65,head_3,recovery,0.0,0.04079943895339966,836,AGGCTA,1.59765625,4112,TATCGC,2.048828125,4112,TATCGC,2.048828125,595,ACTCTN,0.06227345019578934,565,ACTACN,0.10113531351089478,565,ACTACN,0.10113531351089478,False,False,True,-0.0012752115726470947,
17,28,65,head_3,recovery,0.0,0.05924493074417114,836,AGGCTA,1.59765625,4112,TATCGC,2.048828125,4112,TATCGC,2.048828125,595,ACTCTN,0.06309252232313156,565,ACTACN,0.10045148432254791,565,ACTACN,0.10045148432254791,False,False,True,-0.0006807148456573486,
17,29,65,head_3,recovery,0.0,0.015227556228637695,836,AGGCTA,1.59765625,4112,TATCGC,2.048828125,4112,TATCGC,2.048828125,595,ACTCTN,0.06370152533054352,565,ACTACN,0.10464692860841751,565,ACTACN,0.10464692860841751,False,False,True,1.7315149307250977e-05,
17,30,65,head_3,recovery,0.0,-0.00978398323059082,836,AGGCTA,1.59765625,4112,TATCGC,2.048828125,4112,TATCGC,2.048828125,595,ACTCTN,0.06380292028188705,565,ACTACN,0.10678620636463165,565,ACTACN,0.10678620636463165,False,False,True,8.091330528259277e-05,
17,31,65,head_3,recovery,-0.0859375,-0.14886784553527832,836,AGGCTA,1.58984375,4112,TATCGC,2.146484375,4112,TATCGC,2.146484375,595,ACTCTN,0.062132805585861206,565,ACTACN,0.11644835025072098,565,ACTACN,0.11644835025072098,False,False,True,-0.00015503168106079102,
17,32,65,head_3,recovery,-0.0859375,-0.09112167358398438,836,AGGCTA,1.58984375,4112,TATCGC,2.146484375,4112,TATCGC,2.146484375,595,ACTCTN,0.06285694986581802,565,ACTACN,0.112467460334301,565,ACTACN,0.112467460334301,False,False,True,-0.0010113716125488281,
17,33,65,head_3,recovery,-0.0859375,-0.12040400505065918,836,AGGCTA,1.58984375,4112,TATCGC,2.146484375,4112,TATCGC,2.146484375,595,ACTCTN,0.061064306646585464,565,ACTACN,0.11306067556142807,565,ACTACN,0.11306067556142807,False,False,True,-0.0007961690425872803,
17,34,65,head_3,recovery,0.0,-0.0033893585205078125,836,AGGCTA,1.59765625,4112,TATCGC,2.048828125,4112,TATCGC,2.048828125,595,ACTCTN,0.0624014176428318,565,ACTACN,0.10486368834972382,565,ACTACN,0.10486368834972382,False,False,True,-0.0005253255367279053,
