Layer,Time_Offset,Target_Timestep,Component,Metric_Mode,Logit_Score,Posteriors_Score,Target_Transition_Prior,Target_String_Prior,Target_Logit,Wrong_Transition_Prior,Wrong_String_Prior,Wrong_Logit,Actual_Argmax_Prior,Actual_String_Prior,Actual_Argmax_Logit,Target_Transition_Post,Target_String_Post,Target_Prob,Wrong_Transition_Post,Wrong_String_Post,Wrong_Prob,Actual_Transition_Post,actual_String_Post,actual_Prob,Is_Target_Logit_Argmax,Is_Target_Prob_Argmax,Should_Decode,Global_MSE_Change,New_String
0,0,13,mlp,degradation,1.015625,1.006142020225525,2773,GAGGGG,1.9150390625,0,AAAAAN,2.0,0,AAAAAN,2.0,2773,GAGGGG,0.0014320227783173323,0,AAAAAN,6.21895378571935e-05,835,AGGCTN,0.04972868040204048,False,False,True,-0.000294683501124382,GGCCCCCGGGGGACAGGGACGCCGGGAAGGCCTGGC
0,1,13,mlp,degradation,1.025390625,1.0142958164215088,2773,GAGGGG,1.9130859375,0,AAAAAN,2.0,0,AAAAAN,2.0,2773,GAGGGG,0.0014250829117372632,0,AAAAAN,6.18910271441564e-05,835,AGGCTN,0.04977090656757355,False,False,True,-0.00015904754400253296,GGCCCCCGGGGGACAGGGACGCCGGGAAGGCCTGGC
0,2,13,mlp,degradation,1.0205078125,1.0062589645385742,2773,GAGGGG,1.9140625,0,AAAAAN,2.0,0,AAAAAN,2.0,2773,GAGGGG,0.0014320443151518703,0,AAAAAN,6.230632425285876e-05,835,AGGCTN,0.05013858154416084,False,False,True,0.00010291486978530884,GGCCCCCGGGGGACAGGGACGCCGGGAAGGCCTGGC
0,3,13,mlp,degradation,1.046875,1.0083692073822021,2773,GAGGGG,1.9091796875,0,AAAAAN,2.0,0,AAAAAN,2.0,2773,GAGGGG,0.0014303028583526611,0,AAAAAN,6.228376150829718e-05,835,AGGCTN,0.04957733303308487,False,False,True,-0.00016083568334579468,GGCCCCCGGGGGACAGGGACGCCGGGAAGGCCTGGC
0,4,13,mlp,degradation,1.025390625,1.0014030933380127,2773,GAGGGG,1.9130859375,0,AAAAAN,2.0,0,AAAAAN,2.0,2773,GAGGGG,0.0014361554058268666,0,AAAAAN,6.246229895623401e-05,835,AGGCTN,0.04978703334927559,False,False,True,2.2893771529197693e-05,GGCCCCCGGGGGACAGGGACGCCGGGAAGGCCTGGC
0,5,13,mlp,degradation,1.015625,1.0012975931167603,2773,GAGGGG,1.9150390625,0,AAAAAN,2.0,0,AAAAAN,2.0,2773,GAGGGG,0.0014359460910782218,0,AAAAAN,6.216704787220806e-05,835,AGGCTN,0.04954637214541435,False,False,True,0.00013870000839233398,GGCCCCCGGGGGACAGGGACGCCGGGAAGGCCTGGC
0,6,13,mlp,degradation,1.0107421875,1.001526117324829,2773,GAGGGG,1.916015625,0,AAAAAN,2.0,0,AAAAAN,2.0,2773,GAGGGG,0.0014358825283125043,0,AAAAAN,6.228962593013421e-05,835,AGGCTN,0.04944600164890289,False,False,True,8.415244519710541e-05,GGCCCCCGGGGGACAGGGACGCCGGGAAGGCCTGGC
0,7,13,mlp,degradation,1.046875,1.0095807313919067,2773,GAGGGG,1.9091796875,0,AAAAAN,2.0,0,AAAAAN,2.0,2773,GAGGGG,0.0014293845742940903,0,AAAAAN,6.235213368199766e-05,835,AGGCTN,0.04987165331840515,False,False,True,0.0002339780330657959,GGCCCCCGGGGGACAGGGACGCCGGGAAGGCCTGGC
0,8,13,mlp,degradation,1.041015625,1.0165961980819702,2773,GAGGGG,1.91015625,0,AAAAAN,2.0,0,AAAAAN,2.0,2773,GAGGGG,0.0014236309798434377,0,AAAAAN,6.231282168300822e-05,835,AGGCTN,0.04971715807914734,False,False,True,1.5480443835258484e-05,GGCCCCCGGGGGACAGGGACGCCGGGAAGGCCTGGC
0,9,13,mlp,degradation,1.0673828125,1.0215659141540527,2773,GAGGGG,1.9052734375,0,AAAAAN,2.0,0,AAAAAN,2.0,2773,GAGGGG,0.0014198815915733576,0,AAAAAN,6.261125963646919e-05,835,AGGCTN,0.04997207969427109,False,False,True,-2.3525208234786987e-05,GGCCCCCGGGGGACAGGGACGCCGGGAAGGCCTGGC
0,10,13,mlp,degradation,1.046875,1.020734429359436,2773,GAGGGG,1.9091796875,0,AAAAAN,2.0,0,AAAAAN,2.0,2773,GAGGGG,0.001420334680005908,0,AAAAAN,6.238710193429142e-05,835,AGGCTN,0.0498516783118248,False,False,True,4.2226165533065796e-05,GGCCCCCGGGGGACAGGGACGCCGGGAAGGCCTGGC
0,11,13,mlp,degradation,1.08203125,1.0293704271316528,2773,GAGGGG,1.90234375,0,AAAAAN,2.0,0,AAAAAN,2.0,2773,GAGGGG,0.0014136487152427435,0,AAAAAN,6.27352565061301e-05,835,AGGCTN,0.05009092763066292,False,False,True,0.000235632061958313,GGCCCCCGGGGGACAGGGACGCCGGGAAGGCCTGGC
0,12,13,mlp,degradation,1.0517578125,1.0150110721588135,2773,GAGGGG,1.908203125,0,AAAAAN,2.0,0,AAAAAN,2.0,2773,GAGGGG,0.0014253755798563361,0,AAAAAN,6.276628846535459e-05,835,AGGCTN,0.04977580904960632,False,False,True,0.00017227046191692352,GGCCCCCGGGGGACAGGGACGCCGGGAAGGCCTGGC
1,0,13,mlp,degradation,1.0205078125,1.0083240270614624,2773,GAGGGG,1.9140625,0,AAAAAN,2.0,0,AAAAAN,2.0,2773,GAGGGG,0.0014307860983535647,0,AAAAAN,6.273019243963063e-05,835,AGGCTN,0.04982087016105652,False,False,True,-0.00019691325724124908,GGCCCCCGGGGGACAGGGACGCCGGGAAGGCCTGGC
1,1,13,mlp,degradation,1.03125,1.017473578453064,2773,GAGGGG,1.912109375,0,AAAAAN,2.0,0,AAAAAN,2.0,2773,GAGGGG,0.001422818168066442,0,AAAAAN,6.221458897925913e-05,835,AGGCTN,0.050201669335365295,False,False,True,-0.0003659352660179138,GGCCCCCGGGGGACAGGGACGCCGGGAAGGCCTGGC
1,2,13,mlp,degradation,1.015625,1.0091872215270996,2773,GAGGGG,1.9150390625,0,AAAAAN,2.0,0,AAAAAN,2.0,2773,GAGGGG,0.0014293031999841332,0,AAAAAN,6.195035530254245e-05,835,AGGCTN,0.050171058624982834,False,False,True,-0.0003222022205591202,GGCCCCCGGGGGACAGGGACGCCGGGAAGGCCTGGC
1,3,13,mlp,degradation,1.0205078125,1.007198452949524,2773,GAGGGG,1.9140625,0,AAAAAN,2.0,0,AAAAAN,2.0,2773,GAGGGG,0.0014308354584500194,0,AAAAAN,6.186271639307961e-05,835,AGGCTN,0.05021258071064949,False,False,True,-0.00029336288571357727,GGCCCCCGGGGGACAGGGACGCCGGGAAGGCCTGGC
1,4,13,mlp,degradation,1.041015625,1.0083277225494385,2773,GAGGGG,1.91015625,0,AAAAAN,2.0,0,AAAAAN,2.0,2773,GAGGGG,0.0014303262578323483,0,AAAAAN,6.227337871678174e-05,835,AGGCTN,0.04973498731851578,False,False,True,-0.00013078190386295319,GGCCCCCGGGGGACAGGGACGCCGGGAAGGCCTGGC
1,5,13,mlp,degradation,1.0,1.0027974843978882,2773,GAGGGG,1.91796875,0,AAAAAN,2.0,0,AAAAAN,2.0,2773,GAGGGG,0.0014346304815262556,0,AAAAAN,6.207316619111225e-05,835,AGGCTN,0.0497409962117672,False,False,True,-0.0002671927213668823,GGCCCCCGGGGGACAGGGACGCCGGGAAGGCCTGGC
1,6,13,mlp,degradation,1.041015625,1.0141514539718628,2773,GAGGGG,1.91015625,0,AAAAAN,2.0,0,AAAAAN,2.0,2773,GAGGGG,0.0014261259930208325,0,AAAAAN,6.281657260842621e-05,835,AGGCTN,0.049990829080343246,False,False,True,-0.0003966912627220154,GGCCCCCGGGGGACAGGGACGCCGGGAAGGCCTGGC
1,7,13,mlp,degradation,1.0107421875,1.0046650171279907,2773,GAGGGG,1.916015625,0,AAAAAN,2.0,0,AAAAAN,2.0,2773,GAGGGG,0.0014336379244923592,0,AAAAAN,6.260159716475755e-05,835,AGGCTN,0.04954832047224045,False,False,True,-0.0003025569021701813,GGCCCCCGGGGGACAGGGACGCCGGGAAGGCCTGGC
1,8,13,mlp,degradation,1.025390625,1.0140106678009033,2773,GAGGGG,1.9130859375,0,AAAAAN,2.0,0,AAAAAN,2.0,2773,GAGGGG,0.001426227972842753,0,AAAAAN,6.280381057877094e-05,835,AGGCTN,0.049782782793045044,False,False,True,-3.423728048801422e-05,GGCCCCCGGGGGACAGGGACGCCGGGAAGGCCTGGC
1,9,13,mlp,degradation,1.03125,1.0139826536178589,2773,GAGGGG,1.912109375,0,AAAAAN,2.0,0,AAAAAN,2.0,2773,GAGGGG,0.0014259269228205085,0,AAAAAN,6.24799940851517e-05,835,AGGCTN,0.04969335347414017,False,False,True,-0.00022837519645690918,GGCCCCCGGGGGACAGGGACGCCGGGAAGGCCTGGC
1,10,13,mlp,degradation,1.0205078125,1.0095493793487549,2773,GAGGGG,1.9140625,0,AAAAAN,2.0,0,AAAAAN,2.0,2773,GAGGGG,0.001429654425010085,0,AAAAAN,6.259649671847001e-05,835,AGGCTN,0.04976703226566315,False,False,True,-0.00014539994299411774,GGCCCCCGGGGGACAGGGACGCCGGGAAGGCCTGGC
1,11,13,mlp,degradation,1.015625,1.000223994255066,2773,GAGGGG,1.9150390625,0,AAAAAN,2.0,0,AAAAAN,2.0,2773,GAGGGG,0.0014373091980814934,0,AAAAAN,6.265568663366139e-05,835,AGGCTN,0.04977383464574814,False,False,True,-2.9595568776130676e-05,GGCCCCCGGGGGACAGGGACGCCGGGAAGGCCTGGC
1,12,13,mlp,degradation,1.0205078125,1.0121582746505737,2773,GAGGGG,1.9140625,0,AAAAAN,2.0,0,AAAAAN,2.0,2773,GAGGGG,0.0014268358936533332,0,AAAAAN,6.190290150698274e-05,835,AGGCTN,0.05008980259299278,False,False,True,0.0002244114875793457,GGCCCCCGGGGGACAGGGACGCCGGGAAGGCCTGGC
2,0,13,mlp,degradation,1.015625,1.012676477432251,2773,GAGGGG,1.9150390625,0,AAAAAN,2.0,0,AAAAAN,2.0,2773,GAGGGG,0.0014265398494899273,0,AAAAAN,6.202900840435177e-05,835,AGGCTN,0.04943935200572014,False,False,True,-0.00013893656432628632,GGCCCCCGGGGGACAGGGACGCCGGGAAGGCCTGGC
2,1,13,mlp,degradation,1.025390625,1.0312256813049316,2773,GAGGGG,1.9130859375,0,AAAAAN,2.0,0,AAAAAN,2.0,2773,GAGGGG,0.0014113198267295957,0,AAAAAN,6.191746069816872e-05,835,AGGCTN,0.049879614263772964,False,False,True,-0.00036720745265483856,GGCCCCCGGGGGACAGGGACGCCGGGAAGGCCTGGC
2,2,13,mlp,degradation,1.025390625,1.0155225992202759,2773,GAGGGG,1.9130859375,0,AAAAAN,2.0,0,AAAAAN,2.0,2773,GAGGGG,0.0014244590420275927,0,AAAAAN,6.226636469364166e-05,835,AGGCTN,0.04975290969014168,False,False,True,-0.0004539359360933304,GGCCCCCGGGGGACAGGGACGCCGGGAAGGCCTGGC
2,3,13,mlp,degradation,1.03125,1.0269962549209595,2773,GAGGGG,1.912109375,0,AAAAAN,2.0,0,AAAAAN,2.0,2773,GAGGGG,0.0014150108909234405,0,AAAAAN,6.216372275957838e-05,835,AGGCTN,0.05024411529302597,False,False,True,-0.00030142441391944885,GGCCCCCGGGGGACAGGGACGCCGGGAAGGCCTGGC
2,4,13,mlp,degradation,1.03125,1.0085252523422241,2773,GAGGGG,1.912109375,0,AAAAAN,2.0,0,AAAAAN,2.0,2773,GAGGGG,0.0014300667680799961,0,AAAAAN,6.217475311132148e-05,835,AGGCTN,0.05014120787382126,False,False,True,-0.00013914331793785095,GGCCCCCGGGGGACAGGGACGCCGGGAAGGCCTGGC
2,5,13,mlp,degradation,1.0205078125,0.987223744392395,2773,GAGGGG,1.9140625,0,AAAAAN,2.0,0,AAAAAN,2.0,2773,GAGGGG,0.0014477234799414873,0,AAAAAN,6.248115096241236e-05,835,AGGCTN,0.05096752196550369,False,False,True,-0.0005656536668539047,GGCCCCCGGGGGACAGGGACGCCGGGAAGGCCTGGC
2,6,13,mlp,degradation,0.9794921875,0.9697613716125488,2773,GAGGGG,1.921875,0,AAAAAN,2.0,0,AAAAAN,2.0,2773,GAGGGG,0.0014622348826378584,0,AAAAAN,6.276933709159493e-05,835,AGGCTN,0.05072595179080963,False,False,True,-0.0009503737092018127,GGCCCCCGGGGGACAGGGACGCCGGGAAGGCCTGGC
2,7,13,mlp,degradation,0.9794921875,0.9664870500564575,2773,GAGGGG,1.921875,0,AAAAAN,2.0,0,AAAAAN,2.0,2773,GAGGGG,0.0014649854274466634,0,AAAAAN,6.285286508500576e-05,835,AGGCTN,0.05052754655480385,False,False,True,-0.0011873245239257812,GGCCCCCGGGGGACAGGGACGCCGGGAAGGCCTGGC
2,8,13,mlp,degradation,0.96923828125,0.9693233370780945,2773,GAGGGG,1.923828125,0,AAAAAN,2.0,0,AAAAAN,2.0,2773,GAGGGG,0.0014628092758357525,0,AAAAAN,6.298684456851333e-05,835,AGGCTN,0.04976056516170502,False,False,True,-0.0007320232689380646,GGCCCCCGGGGGACAGGGACGCCGGGAAGGCCTGGC
2,9,13,mlp,degradation,1.0,0.9985758662223816,2773,GAGGGG,1.91796875,0,AAAAAN,2.0,0,AAAAAN,2.0,2773,GAGGGG,0.0014381799846887589,0,AAAAAN,6.218401540536433e-05,835,AGGCTN,0.050251320004463196,False,False,True,-0.00028067827224731445,GGCCCCCGGGGGACAGGGACGCCGGGAAGGCCTGGC
2,10,13,mlp,degradation,1.03125,1.0045479536056519,2773,GAGGGG,1.912109375,0,AAAAAN,2.0,0,AAAAAN,2.0,2773,GAGGGG,0.0014339566696435213,0,AAAAAN,6.28250782028772e-05,835,AGGCTN,0.04979280009865761,False,False,True,-0.0006483308970928192,GGCCCCCGGGGGACAGGGACGCCGGGAAGGCCTGGC
2,11,13,mlp,degradation,0.9482421875,0.9932168126106262,2773,GAGGGG,1.927734375,0,AAAAAN,2.0,0,AAAAAN,2.0,2773,GAGGGG,0.0014421099331229925,0,AAAAAN,6.174899317556992e-05,835,AGGCTN,0.04959608241915703,False,False,True,-0.0009023193269968033,GGCCCCCGGGGGACAGGGACGCCGGGAAGGCCTGGC
2,12,13,mlp,degradation,0.927734375,0.9760294556617737,2773,GAGGGG,1.931640625,0,AAAAAN,2.0,0,AAAAAN,2.0,2773,GAGGGG,0.0014559393748641014,0,AAAAAN,6.157917232485488e-05,835,AGGCTN,0.048907313495874405,False,False,True,-0.0005536656826734543,GGCCCCCGGGGGACAGGGACGCCGGGAAGGCCTGGC
3,0,13,mlp,degradation,0.98974609375,1.0020992755889893,2773,GAGGGG,1.919921875,0,AAAAAN,2.0,0,AAAAAN,2.0,2773,GAGGGG,0.0014351309509947896,0,AAAAAN,6.200488132890314e-05,835,AGGCTN,0.04974771663546562,False,False,True,-0.0004480350762605667,GGCCCCCGGGGGACAGGGACGCCGGGAAGGCCTGGC
3,1,13,mlp,degradation,0.943359375,0.9963826537132263,2773,GAGGGG,1.9287109375,0,AAAAAN,2.0,0,AAAAAN,2.0,2773,GAGGGG,0.0014394415775313973,0,AAAAAN,6.165920058265328e-05,835,AGGCTN,0.04943712800741196,False,False,True,-0.0004588402807712555,GGCCCCCGGGGGACAGGGACGCCGGGAAGGCCTGGC
3,2,13,mlp,degradation,0.99462890625,1.015741229057312,2773,GAGGGG,1.9189453125,0,AAAAAN,2.0,0,AAAAAN,2.0,2773,GAGGGG,0.001424230053089559,0,AAAAAN,6.221554212970659e-05,835,AGGCTN,0.04937135800719261,False,False,True,-0.0004621315747499466,GGCCCCCGGGGGACAGGGACGCCGGGAAGGCCTGGC
3,3,13,mlp,degradation,1.015625,1.0210859775543213,2773,GAGGGG,1.9150390625,0,AAAAAN,2.0,0,AAAAAN,2.0,2773,GAGGGG,0.0014197323471307755,0,AAAAAN,6.207114347489551e-05,835,AGGCTN,0.04972192645072937,False,False,True,-0.00043362565338611603,GGCCCCCGGGGGACAGGGACGCCGGGAAGGCCTGGC
3,4,13,mlp,degradation,0.9482421875,0.9821007251739502,2773,GAGGGG,1.927734375,0,AAAAAN,2.0,0,AAAAAN,2.0,2773,GAGGGG,0.0014514077920466661,0,AAAAAN,6.199269409989938e-05,835,AGGCTN,0.049255333840847015,False,False,True,-0.0006098579615354538,GGCCCCCGGGGGACAGGGACGCCGGGAAGGCCTGGC
3,5,13,mlp,degradation,0.93798828125,0.9699341654777527,2773,GAGGGG,1.9296875,0,AAAAAN,2.0,0,AAAAAN,2.0,2773,GAGGGG,0.0014608207857236266,0,AAAAAN,6.149594264570624e-05,835,AGGCTN,0.05025797709822655,False,False,True,-0.0006668586283922195,GGCCCCCGGGGGACAGGGACGCCGGGAAGGCCTGGC
3,6,13,mlp,degradation,0.9072265625,0.9631178379058838,2773,GAGGGG,1.935546875,0,AAAAAN,2.0,0,AAAAAN,2.0,2773,GAGGGG,0.001466407673433423,0,AAAAAN,6.153082358650863e-05,835,AGGCTN,0.05007820948958397,False,False,True,-0.0005069077014923096,GGCCCCCGGGGGACAGGGACGCCGGGAAGGCCTGGC
3,7,13,mlp,degradation,0.9482421875,0.9760646224021912,2773,GAGGGG,1.927734375,0,AAAAAN,2.0,0,AAAAAN,2.0,2773,GAGGGG,0.0014563091099262238,0,AAAAAN,6.197749462444335e-05,835,AGGCTN,0.050477225333452225,False,False,True,-0.0002184491604566574,GGCCCCCGGGGGACAGGGACGCCGGGAAGGCCTGGC
3,8,13,mlp,degradation,0.91259765625,0.965272068977356,2773,GAGGGG,1.9345703125,0,AAAAAN,2.0,0,AAAAAN,2.0,2773,GAGGGG,0.0014652929967269301,0,AAAAAN,6.217073678271845e-05,835,AGGCTN,0.04997909814119339,False,False,True,-0.0002682637423276901,GGCCCCCGGGGGACAGGGACGCCGGGAAGGCCTGGC
3,9,13,mlp,degradation,0.943359375,0.9814632534980774,2773,GAGGGG,1.9287109375,0,AAAAAN,2.0,0,AAAAAN,2.0,2773,GAGGGG,0.0014512897469103336,0,AAAAAN,6.135538569651544e-05,835,AGGCTN,0.05059114471077919,False,False,True,-0.00024687498807907104,GGCCCCCGGGGGACAGGGACGCCGGGAAGGCCTGGC
3,10,13,mlp,degradation,1.0107421875,0.9905043840408325,2773,GAGGGG,1.916015625,0,AAAAAN,2.0,0,AAAAAN,2.0,2773,GAGGGG,0.001444919966161251,0,AAAAAN,6.234970351215452e-05,835,AGGCTN,0.050134461373090744,False,False,True,-0.0009308159351348877,GGCCCCCGGGGGACAGGGACGCCGGGAAGGCCTGGC
3,11,13,mlp,degradation,0.98974609375,0.9948400259017944,2773,GAGGGG,1.919921875,0,AAAAAN,2.0,0,AAAAAN,2.0,2773,GAGGGG,0.0014413056196644902,0,AAAAAN,6.226687401067466e-05,835,AGGCTN,0.04999303072690964,False,False,True,-0.0012627430260181427,GGCCCCCGGGGGACAGGGACGCCGGGAAGGCCTGGC
3,12,13,mlp,degradation,0.9482421875,0.9834980964660645,2773,GAGGGG,1.927734375,0,AAAAAN,2.0,0,AAAAAN,2.0,2773,GAGGGG,0.0014503621496260166,0,AAAAAN,6.208522972883657e-05,835,AGGCTN,0.0497051402926445,False,False,True,-0.0013886168599128723,GGCCCCCGGGGGACAGGGACGCCGGGAAGGCCTGGC
4,0,13,mlp,degradation,0.9794921875,0.9909262657165527,2773,GAGGGG,1.921875,0,AAAAAN,2.0,0,AAAAAN,2.0,2773,GAGGGG,0.0014442673418670893,0,AAAAAN,6.204074452398345e-05,835,AGGCTN,0.0499766580760479,False,False,True,-0.0005560759454965591,GGCCCCCGGGGGACAGGGACGCCGGGAAGGCCTGGC
4,1,13,mlp,degradation,0.958984375,0.9920368194580078,2773,GAGGGG,1.92578125,0,AAAAAN,2.0,0,AAAAAN,2.0,2773,GAGGGG,0.0014434310141950846,0,AAAAAN,6.210896390257403e-05,835,AGGCTN,0.049821361899375916,False,False,True,-0.00046467408537864685,GGCCCCCGGGGGACAGGGACGCCGGGAAGGCCTGGC
4,2,13,mlp,degradation,0.9794921875,0.9998462200164795,2773,GAGGGG,1.921875,0,AAAAAN,2.0,0,AAAAAN,2.0,2773,GAGGGG,0.001436530495993793,0,AAAAAN,6.156926974654198e-05,835,AGGCTN,0.050160761922597885,False,False,True,-0.00022269412875175476,GGCCCCCGGGGGACAGGGACGCCGGGAAGGCCTGGC
4,3,13,mlp,degradation,1.0,1.0137274265289307,2773,GAGGGG,1.91796875,0,AAAAAN,2.0,0,AAAAAN,2.0,2773,GAGGGG,0.0014253805857151747,0,AAAAAN,6.172572466311976e-05,835,AGGCTN,0.050370413810014725,False,False,True,-1.8289312720298767e-05,GGCCCCCGGGGGACAGGGACGCCGGGAAGGCCTGGC
4,4,13,mlp,degradation,0.9228515625,0.9492585062980652,2773,GAGGGG,1.9326171875,0,AAAAAN,2.0,0,AAAAAN,2.0,2773,GAGGGG,0.001478518359363079,0,AAAAAN,6.235299224499613e-05,835,AGGCTN,0.049977466464042664,False,False,True,-0.0003839246928691864,GGCCCCCGGGGGACAGGGACGCCGGGAAGGCCTGGC
4,5,13,mlp,degradation,1.03125,0.9616177082061768,2773,GAGGGG,1.912109375,0,AAAAAN,2.0,0,AAAAAN,2.0,2773,GAGGGG,0.0014694648561999202,0,AAAAAN,6.336612568702549e-05,835,AGGCTN,0.050424400717020035,False,False,True,-0.0007141474634408951,GGCCCCCGGGGGACAGGGACGCCGGGAAGGCCTGGC
4,6,13,mlp,degradation,1.0517578125,0.9785549640655518,2773,GAGGGG,1.908203125,0,AAAAAN,2.0,0,AAAAAN,2.0,2773,GAGGGG,0.001456051366403699,0,AAAAAN,6.374819349730387e-05,835,AGGCTN,0.04995039477944374,False,False,True,-0.0009610522538423538,GGCCCCCGGGGGACAGGGACGCCGGGAAGGCCTGGC
4,7,13,mlp,degradation,1.1181640625,1.0340735912322998,2773,GAGGGG,1.8955078125,0,AAAAAN,2.0,0,AAAAAN,2.0,2773,GAGGGG,0.0014103695284575224,0,AAAAAN,6.328686140477657e-05,835,AGGCTN,0.050742365419864655,False,False,True,-0.0008462201803922653,GGCCCCCGGGGGACAGGGACGCCGGGAAGGCCTGGC
4,8,13,mlp,degradation,1.0107421875,1.0181255340576172,2773,GAGGGG,1.916015625,0,AAAAAN,2.0,0,AAAAAN,2.0,2773,GAGGGG,0.0014221568126231432,0,AAAAAN,6.208423292264342e-05,835,AGGCTN,0.05046781897544861,False,False,True,-0.0006964690983295441,GGCCCCCGGGGGACAGGGACGCCGGGAAGGCCTGGC
4,9,13,mlp,degradation,1.025390625,1.0019265413284302,2773,GAGGGG,1.9130859375,0,AAAAAN,2.0,0,AAAAAN,2.0,2773,GAGGGG,0.0014353848528116941,0,AAAAAN,6.211810978129506e-05,835,AGGCTN,0.050406064838171005,False,False,True,-0.0005022622644901276,GGCCCCCGGGGGACAGGGACGCCGGGAAGGCCTGGC
4,10,13,mlp,degradation,0.96923828125,0.9903984665870667,2773,GAGGGG,1.923828125,0,AAAAAN,2.0,0,AAAAAN,2.0,2773,GAGGGG,0.0014448363799601793,0,AAAAAN,6.217986810952425e-05,835,AGGCTN,0.05030396580696106,False,False,True,-0.0011768322438001633,GGCCCCCGGGGGACAGGGACGCCGGGAAGGCCTGGC
4,11,13,mlp,degradation,0.9638671875,0.9925453662872314,2773,GAGGGG,1.9248046875,0,AAAAAN,2.0,0,AAAAAN,2.0,2773,GAGGGG,0.0014434861950576305,0,AAAAAN,6.257835048018023e-05,835,AGGCTN,0.049726806581020355,False,False,True,-0.0011137332767248154,GGCCCCCGGGGGACAGGGACGCCGGGAAGGCCTGGC
4,12,13,mlp,degradation,0.9072265625,0.994789719581604,2773,GAGGGG,1.935546875,0,AAAAAN,2.0,0,AAAAAN,2.0,2773,GAGGGG,0.0014416291378438473,0,AAAAAN,6.254937761696056e-05,835,AGGCTN,0.04961284622550011,False,False,True,-0.001148514449596405,GGCCCCCGGGGGACAGGGACGCCGGGAAGGCCTGGC
5,0,13,mlp,degradation,0.98974609375,1.0008898973464966,2773,GAGGGG,1.919921875,0,AAAAAN,2.0,0,AAAAAN,2.0,2773,GAGGGG,0.0014368981355801225,0,AAAAAN,6.278702494455501e-05,835,AGGCTN,0.04935956373810768,False,False,True,-0.00048522278666496277,GGCCCCCGGGGGACAGGGACGCCGGGAAGGCCTGGC
5,1,13,mlp,degradation,0.9638671875,0.9869363307952881,2773,GAGGGG,1.9248046875,0,AAAAAN,2.0,0,AAAAAN,2.0,2773,GAGGGG,0.0014487534062936902,0,AAAAAN,6.327698065433651e-05,835,AGGCTN,0.04849690571427345,False,False,True,-0.000519072636961937,GGCCCCCGGGGGACAGGGACGCCGGGAAGGCCTGGC
5,2,13,mlp,degradation,0.99462890625,0.9860054850578308,2773,GAGGGG,1.9189453125,0,AAAAAN,2.0,0,AAAAAN,2.0,2773,GAGGGG,0.0014498388627544045,0,AAAAAN,6.360420229611918e-05,835,AGGCTN,0.04831600934267044,False,False,True,-0.0004197247326374054,GGCCCCCGGGGGACAGGGACGCCGGGAAGGCCTGGC
5,3,13,mlp,degradation,0.97412109375,0.9890658259391785,2773,GAGGGG,1.9228515625,0,AAAAAN,2.0,0,AAAAAN,2.0,2773,GAGGGG,0.0014463358093053102,0,AAAAAN,6.25938773737289e-05,835,AGGCTN,0.04828686639666557,False,False,True,-0.0004366617649793625,GGCCCCCGGGGGACAGGGACGCCGGGAAGGCCTGGC
5,4,13,mlp,degradation,1.025390625,0.9769314527511597,2773,GAGGGG,1.9130859375,0,AAAAAN,2.0,0,AAAAAN,2.0,2773,GAGGGG,0.001456459634937346,0,AAAAAN,6.283415132202208e-05,835,AGGCTN,0.04752528667449951,False,False,True,-0.0005104970186948776,GGCCCCCGGGGGACAGGGACGCCGGGAAGGCCTGGC
5,5,13,mlp,degradation,1.03125,0.9737268686294556,2773,GAGGGG,1.912109375,0,AAAAAN,2.0,0,AAAAAN,2.0,2773,GAGGGG,0.0014596004039049149,0,AAAAAN,6.336474325507879e-05,835,AGGCTN,0.04867694899439812,False,False,True,-0.0008831433951854706,GGCCCCCGGGGGACAGGGACGCCGGGAAGGCCTGGC
5,6,13,mlp,degradation,1.0927734375,0.9970892667770386,2773,GAGGGG,1.900390625,0,AAAAAN,2.0,0,AAAAAN,2.0,2773,GAGGGG,0.0014407122507691383,0,AAAAAN,6.350544572342187e-05,835,AGGCTN,0.05023544281721115,False,False,True,-0.0013928264379501343,GGCCCCCGGGGGACAGGGACGCCGGGAAGGCCTGGC
5,7,13,mlp,degradation,1.046875,1.0072022676467896,2773,GAGGGG,1.9091796875,0,AAAAAN,2.0,0,AAAAAN,2.0,2773,GAGGGG,0.0014317637542262673,0,AAAAAN,6.279411900322884e-05,835,AGGCTN,0.05226902663707733,False,False,True,-0.00177079439163208,GGCCCCCGGGGGACAGGGACGCCGGGAAGGCCTGGC
5,8,13,mlp,degradation,0.97412109375,0.9980031847953796,2773,GAGGGG,1.9228515625,0,AAAAAN,2.0,0,AAAAAN,2.0,2773,GAGGGG,0.0014383470406755805,0,AAAAAN,6.188458064571023e-05,835,AGGCTN,0.05157630518078804,False,False,True,-0.001728856936097145,GGCCCCCGGGGGACAGGGACGCCGGGAAGGCCTGGC
5,9,13,mlp,degradation,0.9072265625,0.9640108942985535,2773,GAGGGG,1.935546875,0,AAAAAN,2.0,0,AAAAAN,2.0,2773,GAGGGG,0.0014656709972769022,0,AAAAAN,6.152150308480486e-05,835,AGGCTN,0.050979554653167725,False,False,True,-0.001488618552684784,GGCCCCCGGGGGACAGGGACGCCGGGAAGGCCTGGC
5,10,13,mlp,degradation,0.85546875,0.9622981548309326,2773,GAGGGG,1.9453125,0,AAAAAN,2.0,0,AAAAAN,2.0,2773,GAGGGG,0.0014664784539490938,0,AAAAAN,6.09340459050145e-05,835,AGGCTN,0.0513434112071991,False,False,True,-0.0016230791807174683,GGCCCCCGGGGGACAGGGACGCCGGGAAGGCCTGG
5,11,13,mlp,degradation,0.84033203125,0.9428672790527344,2773,GAGGGG,1.9482421875,0,AAAAAN,2.0,0,AAAAAN,2.0,2773,GAGGGG,0.0014835330657660961,0,AAAAAN,6.216198380570859e-05,835,AGGCTN,0.05162052810192108,False,False,True,-0.0024703163653612137,GGCCCCCGGGGGACAGGGACGCCGGGAAGGCCTGGC
5,12,13,mlp,degradation,0.78369140625,0.9172760844230652,2773,GAGGGG,1.958984375,0,AAAAAN,2.0,0,AAAAAN,2.0,2773,GAGGGG,0.0015062210150063038,0,AAAAAN,6.400555139407516e-05,835,AGGCTN,0.0501934215426445,False,False,True,-0.0028414297848939896,GGCCCCCGGGGGACAGGGACGCCGGGAAGGCCTGGC
6,0,13,mlp,degradation,1.0205078125,1.0267558097839355,2773,GAGGGG,1.9140625,0,AAAAAN,2.0,0,AAAAAN,2.0,2773,GAGGGG,0.001416136627085507,0,AAAAAN,6.309351010713726e-05,835,AGGCTN,0.048981551080942154,False,False,True,-0.0005261413753032684,GGCCCCCGGGGGACAGGGACGCCGGGAAGGCCTGGC
6,1,13,mlp,degradation,1.0205078125,1.015575885772705,2773,GAGGGG,1.9140625,0,AAAAAN,2.0,0,AAAAAN,2.0,2773,GAGGGG,0.0014259204035624862,0,AAAAAN,6.37711345916614e-05,835,AGGCTN,0.048804156482219696,False,False,True,-0.0006474144756793976,GGCCCCCGGGGGACAGGGACGCCGGGAAGGCCTGGC
6,2,13,mlp,degradation,1.0,1.0106250047683716,2773,GAGGGG,1.91796875,0,AAAAAN,2.0,0,AAAAAN,2.0,2773,GAGGGG,0.0014296715380623937,0,AAAAAN,6.348978786263615e-05,835,AGGCTN,0.04807624965906143,False,False,True,-0.0004077740013599396,GGCCCCCGGGGGACAGGGACGCCGGGAAGGCCTGGC
6,3,13,mlp,degradation,1.0771484375,1.0395997762680054,2773,GAGGGG,1.9033203125,0,AAAAAN,2.0,0,AAAAAN,2.0,2773,GAGGGG,0.001404662849381566,0,AAAAAN,6.208123522810638e-05,835,AGGCTN,0.04870642349123955,False,False,True,9.004957973957062e-05,GGCCCCCGGGGGACAGGGACGCCGGGAAGGCCTGGC
6,4,13,mlp,degradation,1.11328125,1.0276943445205688,2773,GAGGGG,1.896484375,0,AAAAAN,2.0,0,AAAAAN,2.0,2773,GAGGGG,0.001414679572917521,0,AAAAAN,6.240094808163121e-05,835,AGGCTN,0.04835444688796997,False,False,True,-0.00018803775310516357,GGCCCCCGGGGGACAGGGACGCCGGGAAGGCCTGGC
6,5,13,mlp,degradation,0.943359375,0.9318217635154724,2773,GAGGGG,1.9287109375,0,AAAAAN,2.0,0,AAAAAN,2.0,2773,GAGGGG,0.001494340249337256,0,AAAAAN,6.397237302735448e-05,835,AGGCTN,0.0468447171151638,False,False,True,-0.0012208763509988785,GGCCCCCGGGGGACAGGGACGCCGGGAAGGCCTGGC
6,6,13,mlp,degradation,0.82470703125,0.8836014866828918,2773,GAGGGG,1.951171875,0,AAAAAN,2.0,0,AAAAAN,2.0,2773,GAGGGG,0.0015332021284848452,0,AAAAAN,6.355849473038688e-05,835,AGGCTN,0.04656504467129707,False,False,True,-0.0015805121511220932,GGCCCCCGGGGGACAGGGACGCCGGGAAGGCCTGGC
6,7,13,mlp,degradation,0.7373046875,0.8664312958717346,2773,GAGGGG,1.9677734375,0,AAAAAN,2.0,0,AAAAAN,2.0,2773,GAGGGG,0.0015463848831132054,0,AAAAAN,6.275594932958484e-05,835,AGGCTN,0.04766717553138733,False,False,True,-0.0017695222049951553,GGCCCCCGGGGGACAGGGACGCCGGGAAGGCCTGGC
6,8,13,mlp,degradation,0.86083984375,0.9354999661445618,2773,GAGGGG,1.9443359375,0,AAAAAN,2.0,0,AAAAAN,2.0,2773,GAGGGG,0.0014882945688441396,0,AAAAAN,6.0922680859221146e-05,835,AGGCTN,0.049404941499233246,False,False,True,-0.0010628774762153625,GGCCCCCGGGGGACAGGGACGCCGGGAAGGCCTGGC
6,9,13,mlp,degradation,0.87646484375,0.9524340629577637,2773,GAGGGG,1.94140625,0,AAAAAN,2.0,0,AAAAAN,2.0,2773,GAGGGG,0.0014748367248103023,0,AAAAAN,6.125791696831584e-05,835,AGGCTN,0.05065431818366051,False,False,True,-0.0012473035603761673,GGCCCCCGGGGGACAGGGACGCCGGGAAGGCCTGGC
6,10,13,mlp,degradation,0.86083984375,0.9659449458122253,2773,GAGGGG,1.9443359375,0,AAAAAN,2.0,0,AAAAAN,2.0,2773,GAGGGG,0.0014645939227193594,0,AAAAAN,6.201985524967313e-05,835,AGGCTN,0.050345517694950104,False,False,True,-0.0015444569289684296,GGCCCCCGGGGGACAGGGACGCCGGGAAGGCCTGGC
6,11,13,mlp,degradation,0.9482421875,0.9764406681060791,2773,GAGGGG,1.927734375,0,AAAAAN,2.0,0,AAAAAN,2.0,2773,GAGGGG,0.0014577546389773488,0,AAAAAN,6.372935604304075e-05,835,AGGCTN,0.050048522651195526,False,False,True,-0.0016534458845853806,GGCCCCCGGGGGACAGGGACGCCGGGAAGGCCTGGC
6,12,13,mlp,degradation,0.88671875,0.9523258805274963,2773,GAGGGG,1.939453125,0,AAAAAN,2.0,0,AAAAAN,2.0,2773,GAGGGG,0.0014780533965677023,0,AAAAAN,6.438635318772867e-05,835,AGGCTN,0.05167528614401817,False,False,True,-0.001321127638220787,GGCCCCCGGGGGACAGGGACGCCGGGAAGGCCTCG
7,0,13,mlp,degradation,1.0205078125,1.0048407316207886,2773,GAGGGG,1.9140625,0,AAAAAN,2.0,0,AAAAAN,2.0,2773,GAGGGG,0.0014337573666125536,0,AAAAAN,6.28642737865448e-05,835,AGGCTN,0.048637039959430695,False,False,True,-0.0006463825702667236,GGCCCCCGGGGGACAGGGACGCCGGGAAGGCCTGG
7,1,13,mlp,degradation,1.025390625,0.9949592351913452,2773,GAGGGG,1.9130859375,0,AAAAAN,2.0,0,AAAAAN,2.0,2773,GAGGGG,0.0014418048085644841,0,AAAAAN,6.28631460131146e-05,835,AGGCTN,0.04840295389294624,False,False,True,-0.0005375482141971588,GGCCCCCGGGGGACAGGGACGCCGGGAAGGCCTGGC
7,2,13,mlp,degradation,1.025390625,0.9986719489097595,2773,GAGGGG,1.9130859375,0,AAAAAN,2.0,0,AAAAAN,2.0,2773,GAGGGG,0.0014388907002285123,0,AAAAAN,6.297296204138547e-05,835,AGGCTN,0.04818953946232796,False,False,True,-9.218230843544006e-05,GGCCCCCGGGGGACAGGGACGCCGGGAAGGCCTGGC
7,3,13,mlp,degradation,1.11328125,1.022618293762207,2773,GAGGGG,1.896484375,0,AAAAAN,2.0,0,AAAAAN,2.0,2773,GAGGGG,0.0014193655224516988,0,AAAAAN,6.295241473708302e-05,835,AGGCTN,0.04917720705270767,False,False,True,0.0002552848309278488,GGCCCCCGGGGGACAGGGACGCCGGGAAGGCCTGGC
7,4,13,mlp,degradation,1.1337890625,1.0541777610778809,2773,GAGGGG,1.892578125,0,AAAAAN,2.0,0,AAAAAN,2.0,2773,GAGGGG,0.0013940781354904175,0,AAAAAN,6.3370491261594e-05,835,AGGCTN,0.04979553073644638,False,False,True,0.0002766735851764679,GGCCCCCGGGGGACAGGGACGCCGGGAAGGCCTGGC
7,5,13,mlp,degradation,1.0,1.008676528930664,2773,GAGGGG,1.91796875,0,AAAAAN,2.0,0,AAAAAN,2.0,2773,GAGGGG,0.0014318071771413088,0,AAAAAN,6.403827137546614e-05,835,AGGCTN,0.0516246035695076,False,False,True,-0.00058693066239357,GGCCCCCGGGGGACAGGGACGCCGGGAAGGCCTGGC
7,6,13,mlp,degradation,0.9482421875,0.9713184237480164,2773,GAGGGG,1.927734375,0,AAAAAN,2.0,0,AAAAAN,2.0,2773,GAGGGG,0.001461825449950993,0,AAAAAN,6.36280674370937e-05,835,AGGCTN,0.049615681171417236,False,False,True,-0.0015092622488737106,GGCCCCCGGGGGACAGGGACGCCGGGAAGGCCTGGC
7,7,13,mlp,degradation,0.82470703125,0.9201077222824097,2773,GAGGGG,1.951171875,0,AAAAAN,2.0,0,AAAAAN,2.0,2773,GAGGGG,0.00150083820335567,0,AAAAAN,6.092921466915868e-05,835,AGGCTN,0.05001404508948326,False,False,True,-0.0021395795047283173,GGCCCCCGGGGGACAGGGACGCCGGGAAGGCCTGGC
7,8,13,mlp,degradation,0.91259765625,0.9310927987098694,2773,GAGGGG,1.9345703125,0,AAAAAN,2.0,0,AAAAAN,2.0,2773,GAGGGG,0.0014911589678376913,0,AAAAAN,6.0197420680196956e-05,835,AGGCTN,0.04869692400097847,False,False,True,-0.0018413849174976349,GGCCCCCGGGGGACAGGGACGCCGGGAAGGCCTGGC
7,9,13,mlp,degradation,0.88671875,0.9509685039520264,2773,GAGGGG,1.939453125,0,AAAAAN,2.0,0,AAAAAN,2.0,2773,GAGGGG,0.001474079443141818,0,AAAAAN,5.930683619226329e-05,835,AGGCTN,0.05028493329882622,False,False,True,-0.001272277906537056,GGCCCCCGGGGGACAGGGACGCCGGGAAGGCCTGG
7,10,13,mlp,degradation,0.86083984375,0.9394012689590454,2773,GAGGGG,1.9443359375,0,AAAAAN,2.0,0,AAAAAN,2.0,2773,GAGGGG,0.0014867300633341074,0,AAAAAN,6.253589526750147e-05,835,AGGCTN,0.04966046288609505,False,False,True,-0.0018031708896160126,GGCCCCCGGGGGACAGGGACGCCGGGAAGGCCTGGC
7,11,13,mlp,degradation,0.87646484375,0.9569145441055298,2773,GAGGGG,1.94140625,0,AAAAAN,2.0,0,AAAAAN,2.0,2773,GAGGGG,0.0014747746754437685,0,AAAAAN,6.484520417870954e-05,835,AGGCTN,0.05019745975732803,False,False,True,-0.0017495211213827133,GGCCCCCGGGGGACAGGGACGCCGGGAAGGCCTGGC
7,12,13,mlp,degradation,0.8662109375,0.9316603541374207,2773,GAGGGG,1.943359375,0,AAAAAN,2.0,0,AAAAAN,2.0,2773,GAGGGG,0.0014983724104240537,0,AAAAAN,6.787313759559765e-05,835,AGGCTN,0.049207285046577454,False,False,True,-0.0015970319509506226,GGCCCCCGGGGGACAGGGACGCCGGGAAGGCCTGGC
8,0,13,mlp,degradation,1.0,1.00601327419281,2773,GAGGGG,1.91796875,0,AAAAAN,2.0,0,AAAAAN,2.0,2773,GAGGGG,0.0014320580521598458,0,AAAAAN,6.211994332261384e-05,835,AGGCTN,0.05031687021255493,False,False,True,-3.014504909515381e-05,GGCCCCCGGGGGACAGGGACGCCGGGAAGGCCTGGC
8,1,13,mlp,degradation,1.046875,1.0210498571395874,2773,GAGGGG,1.9091796875,0,AAAAAN,2.0,0,AAAAAN,2.0,2773,GAGGGG,0.001420485437847674,0,AAAAAN,6.279480294324458e-05,835,AGGCTN,0.050289422273635864,False,False,True,9.373575448989868e-05,GGCCCCCGGGGGACAGGGACGCCGGGAAGGCCTGGC
8,2,13,mlp,degradation,1.0517578125,1.0194391012191772,2773,GAGGGG,1.908203125,0,AAAAAN,2.0,0,AAAAAN,2.0,2773,GAGGGG,0.0014225777704268694,0,AAAAAN,6.357509846566245e-05,835,AGGCTN,0.04924865812063217,False,False,True,0.00017921067774295807,GGCCCCCGGGGGACAGGGACGCCGGGAAGGCCTGGC
8,3,13,mlp,degradation,1.09765625,1.030169129371643,2773,GAGGGG,1.8994140625,0,AAAAAN,2.0,0,AAAAAN,2.0,2773,GAGGGG,0.001414684928022325,0,AAAAAN,6.442197627620772e-05,835,AGGCTN,0.04818449169397354,False,False,True,0.0001540016382932663,GGCCCCCGGGGGACAGGGACGCCGGGAAGGCCTGGC
8,4,13,mlp,degradation,1.0205078125,1.0165735483169556,2773,GAGGGG,1.9140625,0,AAAAAN,2.0,0,AAAAAN,2.0,2773,GAGGGG,0.0014253768604248762,0,AAAAAN,6.404023588402197e-05,835,AGGCTN,0.04687367379665375,False,False,True,2.3832544684410095e-05,GGCCCCCGGGGGACAGGGACGCCGGGAAGGCCTGGC
8,5,13,mlp,degradation,0.81982421875,0.931012749671936,2773,GAGGGG,1.9521484375,0,AAAAAN,2.0,0,AAAAAN,2.0,2773,GAGGGG,0.0014965141890570521,0,AAAAAN,6.548747478518635e-05,835,AGGCTN,0.04452410340309143,False,False,True,-0.0009022541344165802,GGCCCCCGGGGGACAGGGACGCCGGGAAGGCCTGGC
8,6,13,mlp,degradation,0.78857421875,0.8992555737495422,2773,GAGGGG,1.9580078125,0,AAAAAN,2.0,0,AAAAAN,2.0,2773,GAGGGG,0.0015233360463753343,0,AAAAAN,6.644273526035249e-05,835,AGGCTN,0.04428641125559807,False,False,True,-0.0014272835105657578,GGCCCCCGGGGGACAGGGACGCCGGGAAGGCCTGGC
8,7,13,mlp,degradation,0.78857421875,0.8991827964782715,2773,GAGGGG,1.9580078125,0,AAAAAN,2.0,0,AAAAAN,2.0,2773,GAGGGG,0.0015227494295686483,0,AAAAAN,6.579689215868711e-05,835,AGGCTN,0.04556741565465927,False,False,True,-0.0017337650060653687,GGCCCCCGGGGGACAGGGACGCCGGGAAGGCCTGGC
8,8,13,mlp,degradation,0.91748046875,0.9706925749778748,2773,GAGGGG,1.93359375,0,AAAAAN,2.0,0,AAAAAN,2.0,2773,GAGGGG,0.001462465152144432,0,AAAAAN,6.375796510837972e-05,835,AGGCTN,0.04830440878868103,False,False,True,-0.0009083263576030731,GGCCCCCGGGGGACAGGGACGCCGGGAAGGCCTGG
8,9,13,mlp,degradation,0.9638671875,1.0013941526412964,2773,GAGGGG,1.9248046875,0,AAAAAN,2.0,0,AAAAAN,2.0,2773,GAGGGG,0.0014351652935147285,0,AAAAAN,6.146480154711753e-05,835,AGGCTN,0.05018195882439613,False,False,True,-0.0010175984352827072,GGCCCCCGGGGGACAGGGACGCCGGGAAGGCCTGG
8,10,13,mlp,degradation,0.9794921875,0.9830454587936401,2773,GAGGGG,1.921875,0,AAAAAN,2.0,0,AAAAAN,2.0,2773,GAGGGG,0.00145078101195395,0,AAAAAN,6.213538290467113e-05,835,AGGCTN,0.04978782311081886,False,False,True,-0.0006609410047531128,GGCCCCCGGGGGACAGGGACGCCGGGAAGGCCTGGC
8,11,13,mlp,degradation,1.015625,1.0084753036499023,2773,GAGGGG,1.9150390625,0,AAAAAN,2.0,0,AAAAAN,2.0,2773,GAGGGG,0.0014294221764430404,0,AAAAAN,6.148939428385347e-05,835,AGGCTN,0.05074499547481537,False,False,True,-0.0004911571741104126,GGCCCCCGGGGGACAGGGACGCCGGGAAGGCCTGGC
8,12,13,mlp,degradation,0.9794921875,1.0048965215682983,2773,GAGGGG,1.921875,0,AAAAAN,2.0,0,AAAAAN,2.0,2773,GAGGGG,0.0014332402497529984,0,AAAAAN,6.239261711016297e-05,835,AGGCTN,0.050426844507455826,False,False,True,1.4131888747215271e-05,GGCCCCCGGGGGACAGGGACGCCGGGAAGGCCTGGC
9,0,13,mlp,degradation,0.98974609375,1.009512186050415,2773,GAGGGG,1.919921875,0,AAAAAN,2.0,0,AAAAAN,2.0,2773,GAGGGG,0.0014284817734733224,0,AAAAAN,6.139365723356605e-05,835,AGGCTN,0.05009786784648895,False,False,True,-0.0001049283891916275,GGCCCCCGGGGGACAGGGACGCCGGGAAGGCCTGGC
9,1,13,mlp,degradation,1.015625,1.0247963666915894,2773,GAGGGG,1.9150390625,0,AAAAAN,2.0,0,AAAAAN,2.0,2773,GAGGGG,0.0014158277772367,0,AAAAAN,6.118875171523541e-05,835,AGGCTN,0.05051843076944351,False,False,True,-3.3777207136154175e-05,GGCCCCCGGGGGACAGGGACGCCGGGAAGGCCTGGC
9,2,13,mlp,degradation,1.0,1.0274025201797485,2773,GAGGGG,1.91796875,0,AAAAAN,2.0,0,AAAAAN,2.0,2773,GAGGGG,0.0014143680455163121,0,AAAAAN,6.185174424899742e-05,835,AGGCTN,0.05024658888578415,False,False,True,7.513351738452911e-05,GGCCCCCGGGGGACAGGGACGCCGGGAAGGCCTGGC
9,3,13,mlp,degradation,1.025390625,1.0124708414077759,2773,GAGGGG,1.9130859375,0,AAAAAN,2.0,0,AAAAAN,2.0,2773,GAGGGG,0.0014273487031459808,0,AAAAAN,6.267027492867783e-05,835,AGGCTN,0.04953083395957947,False,False,True,-5.1641836762428284e-05,GGCCCCCGGGGGACAGGGACGCCGGGAAGGCCTGGC
9,4,13,mlp,degradation,1.1337890625,1.0186998844146729,2773,GAGGGG,1.892578125,0,AAAAAN,2.0,0,AAAAAN,2.0,2773,GAGGGG,0.0014233585679903626,0,AAAAAN,6.375377415679395e-05,835,AGGCTN,0.050127334892749786,False,False,True,9.961426258087158e-06,GGCCCCCGGGGGACAGGGACGCCGGGAAGGCCTGGC
9,5,13,mlp,degradation,0.927734375,0.9371264576911926,2773,GAGGGG,1.931640625,0,AAAAAN,2.0,0,AAAAAN,2.0,2773,GAGGGG,0.001491899834945798,0,AAAAAN,6.585277878912166e-05,835,AGGCTN,0.04989553615450859,False,False,True,-0.0002903696149587631,GGCCCCCGGGGGACAGGGACGCCGGGAAGGCCTGGC
9,6,13,mlp,degradation,0.75244140625,0.8137466907501221,2773,GAGGGG,1.96484375,0,AAAAAN,2.0,0,AAAAAN,2.0,2773,GAGGGG,0.0015935905976220965,0,AAAAAN,6.704947736579925e-05,835,AGGCTN,0.04975445568561554,False,False,True,-0.0004150606691837311,GGCCCCCGGGGGACAGGGACGCCGGGAAGGCCTGGC
9,7,13,mlp,degradation,0.61328125,0.7398695349693298,2773,GAGGGG,1.9912109375,0,AAAAAN,2.0,0,AAAAAN,2.0,2773,GAGGGG,0.0016530802240595222,0,AAAAAN,6.636552279815078e-05,835,AGGCTN,0.04778050631284714,False,False,True,-0.0006431452929973602,GGCCCCCGGGGGACAGGGACGCCGGGAAGGCCTGGC
9,8,13,mlp,degradation,0.71630859375,0.8112150430679321,2773,GAGGGG,1.9716796875,0,AAAAAN,2.0,0,AAAAAN,2.0,2773,GAGGGG,0.0015907875495031476,0,AAAAAN,6.218439375516027e-05,835,AGGCTN,0.04946047067642212,False,False,True,0.0008790548890829086,GGCCCCCGGGGGACAGGGACGCCGGGAAGGCCTGG
9,9,13,mlp,degradation,0.91259765625,0.9687880873680115,2773,GAGGGG,1.9345703125,0,AAAAAN,2.0,0,AAAAAN,2.0,2773,GAGGGG,0.0014594771200791001,0,AAAAAN,5.921873162151314e-05,835,AGGCTN,0.05023627355694771,False,False,True,0.0008387342095375061,GGCCCCCGGGGGACAGGGACGCCGGGAAGGCCTGG
9,10,13,mlp,degradation,0.98974609375,0.9866649508476257,2773,GAGGGG,1.919921875,0,AAAAAN,2.0,0,AAAAAN,2.0,2773,GAGGGG,0.001444688648916781,0,AAAAAN,5.8991092373616993e-05,835,AGGCTN,0.051520708948373795,False,False,True,0.00020846538245677948,GGCCCCCGGGGGACAGGGACGCCGGGAAGGCCTGG
9,11,13,mlp,degradation,1.0927734375,1.0102845430374146,2773,GAGGGG,1.900390625,0,AAAAAN,2.0,0,AAAAAN,2.0,2773,GAGGGG,0.0014268254162743688,0,AAAAAN,6.036639751982875e-05,835,AGGCTN,0.0504145473241806,False,False,True,-0.0006534811109304428,GGCCCCCGGGGGACAGGGACGCCGGGAAGGCCTGGC
9,12,13,mlp,degradation,0.9638671875,0.9486183524131775,2773,GAGGGG,1.9248046875,0,AAAAAN,2.0,0,AAAAAN,2.0,2773,GAGGGG,0.001477625803090632,0,AAAAAN,6.0938957176404074e-05,835,AGGCTN,0.04986048862338066,False,False,True,-0.0012252330780029297,GGCCCCCGGGGGACAGGGACGCCGGGAAGGCCTGGC
10,0,13,mlp,degradation,1.015625,1.0059937238693237,2773,GAGGGG,1.9150390625,0,AAAAAN,2.0,0,AAAAAN,2.0,2773,GAGGGG,0.0014310794649645686,0,AAAAAN,6.11254945397377e-05,835,AGGCTN,0.04951426386833191,False,False,True,-0.00029659830033779144,GGCCCCCGGGGGACAGGGACGCCGGGAAGGCCTGGC
10,1,13,mlp,degradation,0.9794921875,1.0005675554275513,2773,GAGGGG,1.921875,0,AAAAAN,2.0,0,AAAAAN,2.0,2773,GAGGGG,0.0014355664607137442,0,AAAAAN,6.119281897554174e-05,835,AGGCTN,0.049475863575935364,False,False,True,-0.0003159325569868088,GGCCCCCGGGGGACAGGGACGCCGGGAAGGCCTGGC
10,2,13,mlp,degradation,0.9228515625,0.9878689646720886,2773,GAGGGG,1.9326171875,0,AAAAAN,2.0,0,AAAAAN,2.0,2773,GAGGGG,0.0014465295244008303,0,AAAAAN,6.181265052873641e-05,835,AGGCTN,0.0497237928211689,False,False,True,-0.00017149001359939575,GGCCCCCGGGGGACAGGGACGCCGGGAAGGCCTGGC
10,3,13,mlp,degradation,0.91748046875,0.9903990030288696,2773,GAGGGG,1.93359375,0,AAAAAN,2.0,0,AAAAAN,2.0,2773,GAGGGG,0.0014455679338425398,0,AAAAAN,6.291191675700247e-05,835,AGGCTN,0.049818284809589386,False,False,True,-0.00026480667293071747,GGCCCCCGGGGGACAGGGACGCCGGGAAGGCCTGGC
10,4,13,mlp,degradation,1.0107421875,0.9987245202064514,2773,GAGGGG,1.916015625,0,AAAAAN,2.0,0,AAAAAN,2.0,2773,GAGGGG,0.0014394141035154462,0,AAAAAN,6.353928620228544e-05,835,AGGCTN,0.05068967863917351,False,False,True,-0.0001985747367143631,GGCCCCCGGGGGACAGGGACGCCGGGAAGGCCTGGC
10,5,13,mlp,degradation,1.08203125,0.9895794987678528,2773,GAGGGG,1.90234375,0,AAAAAN,2.0,0,AAAAAN,2.0,2773,GAGGGG,0.0014490383910015225,0,AAAAAN,6.571487028850242e-05,835,AGGCTN,0.050301142036914825,False,False,True,-0.0001293327659368515,GGCCCCCGGGGGACAGGGACGCCGGGAAGGCCTGGC
10,6,13,mlp,degradation,1.0927734375,0.9533563852310181,2773,GAGGGG,1.900390625,0,AAAAAN,2.0,0,AAAAAN,2.0,2773,GAGGGG,0.0014806720428168774,0,AAAAAN,6.784436118323356e-05,835,AGGCTN,0.049865029752254486,False,False,True,-0.00017070583999156952,GGCCCCCGGGGGACAGGGACGCCGGGAAGGCCTGGC
10,7,13,mlp,degradation,1.015625,0.9196070432662964,2773,GAGGGG,1.9150390625,0,AAAAAN,2.0,0,AAAAAN,2.0,2773,GAGGGG,0.0015087409410625696,0,AAAAAN,6.842412403784692e-05,835,AGGCTN,0.04842144250869751,False,False,True,-0.00035215169191360474,GGCCCCCGGGGGACAGGGACGCCGGGAAGGCCTGGC
10,8,13,mlp,degradation,0.87109375,0.8986998796463013,2773,GAGGGG,1.9423828125,0,AAAAAN,2.0,0,AAAAAN,2.0,2773,GAGGGG,0.0015224135713651776,0,AAAAAN,6.506770296255127e-05,835,AGGCTN,0.04962211847305298,False,False,True,-0.0005564596503973007,GGCCCCCGGGGGACAGGGACGCCGGGAAGGCCTGGC
10,9,13,mlp,degradation,0.9228515625,0.9826545119285583,2773,GAGGGG,1.9326171875,0,AAAAAN,2.0,0,AAAAAN,2.0,2773,GAGGGG,0.001449868781492114,0,AAAAAN,6.090474562370218e-05,835,AGGCTN,0.050003111362457275,False,False,True,-0.0006459858268499374,GGCCCCCGGGGGACAGGGACGCCGGGAAGGCCTGGC
10,10,13,mlp,degradation,0.927734375,1.0025112628936768,2773,GAGGGG,1.931640625,0,AAAAAN,2.0,0,AAAAAN,2.0,2773,GAGGGG,0.0014330726116895676,0,AAAAAN,6.028201096341945e-05,835,AGGCTN,0.0512298084795475,False,False,True,-0.0011866595596075058,GGCCCCCGGGGGACAGGGACGCCGGGAAGGCCTGGC
10,11,13,mlp,degradation,1.0615234375,1.0199484825134277,2773,GAGGGG,1.90625,0,AAAAAN,2.0,0,AAAAAN,2.0,2773,GAGGGG,0.0014201027806848288,0,AAAAAN,6.151502020657063e-05,835,AGGCTN,0.0506238229572773,False,False,True,-0.0012674424797296524,GGCCCCCGGGGGACAGGGACGCCGGGAAGGCCTGGC
10,12,13,mlp,degradation,0.958984375,0.9588396549224854,2773,GAGGGG,1.92578125,0,AAAAAN,2.0,0,AAAAAN,2.0,2773,GAGGGG,0.001469625043682754,0,AAAAAN,6.126352673163638e-05,835,AGGCTN,0.04998403415083885,False,False,True,-0.001215379685163498,GGCCCCCGGGGGACAGGGACGCCGGGAAGGCCTGGC
11,0,13,mlp,degradation,1.0673828125,1.038329839706421,2773,GAGGGG,1.9052734375,0,AAAAAN,2.0,0,AAAAAN,2.0,2773,GAGGGG,0.0014057172229513526,0,AAAAAN,6.210129504324868e-05,835,AGGCTN,0.04903091862797737,False,False,True,5.05298376083374e-05,GGCCCCCGGGGGACAGGGACGCCGGGAAGGCCTGGC
11,1,13,mlp,degradation,1.0,0.9849382042884827,2773,GAGGGG,1.91796875,0,AAAAAN,2.0,0,AAAAAN,2.0,2773,GAGGGG,0.0014495056821033359,0,AAAAAN,6.240171933313832e-05,835,AGGCTN,0.047408927232027054,False,False,True,5.896762013435364e-05,GGCCCCCGGGGGACAGGGACGCCGGGAAGGCCTGGC
11,2,13,mlp,degradation,0.943359375,0.9767411947250366,2773,GAGGGG,1.9287109375,0,AAAAAN,2.0,0,AAAAAN,2.0,2773,GAGGGG,0.0014572875807061791,0,AAAAAN,6.350708281388506e-05,835,AGGCTN,0.04843398928642273,False,False,True,-0.00019875168800354004,GGCCCCCGGGGGACAGGGACGCCGGGAAGGCCTGGC
11,3,13,mlp,degradation,0.93798828125,0.9461770057678223,2773,GAGGGG,1.9296875,0,AAAAAN,2.0,0,AAAAAN,2.0,2773,GAGGGG,0.0014832288725301623,0,AAAAAN,6.455363472923636e-05,835,AGGCTN,0.04819980636239052,False,False,True,-0.0003159772604703903,GGCCCCCGGGGGACAGGGACGCCGGGAAGGCCTGGC
11,4,13,mlp,degradation,0.99462890625,0.9627045392990112,2773,GAGGGG,1.9189453125,0,AAAAAN,2.0,0,AAAAAN,2.0,2773,GAGGGG,0.0014697553124278784,0,AAAAAN,6.454177491832525e-05,835,AGGCTN,0.049548011273145676,False,False,True,-0.0005516074597835541,GGCCCCCGGGGGACAGGGACGCCGGGAAGGCCTGGC
11,5,13,mlp,degradation,0.8662109375,0.8560084700584412,2773,GAGGGG,1.943359375,0,AAAAAN,2.0,0,AAAAAN,2.0,2773,GAGGGG,0.0015579460887238383,0,AAAAAN,6.582756759598851e-05,835,AGGCTN,0.04789622128009796,False,False,True,-0.00035522133111953735,GGCCCCCGGGGGACAGGGACGCCGGGAAGGCCTGGC
11,6,13,mlp,degradation,0.87109375,0.8441365361213684,2773,GAGGGG,1.9423828125,0,AAAAAN,2.0,0,AAAAAN,2.0,2773,GAGGGG,0.0015667191473767161,0,AAAAAN,6.493087130365893e-05,835,AGGCTN,0.04795399308204651,False,False,True,-0.00061798095703125,GGCCCCCGGGGGACAGGGACGCCGGGAAGGCCTGGC
11,7,13,mlp,degradation,0.81982421875,0.8667011260986328,2773,GAGGGG,1.9521484375,0,AAAAAN,2.0,0,AAAAAN,2.0,2773,GAGGGG,0.0015484049217775464,0,AAAAAN,6.49957000860013e-05,835,AGGCTN,0.04956795275211334,False,False,True,-0.0009166933596134186,GGCCCCCGGGGGACAGGGACGCCGGGAAGGCCTGGC
11,8,13,mlp,degradation,0.927734375,0.9552245736122131,2773,GAGGGG,1.931640625,0,AAAAAN,2.0,0,AAAAAN,2.0,2773,GAGGGG,0.0014745135558769107,0,AAAAAN,6.32075680186972e-05,835,AGGCTN,0.050874799489974976,False,False,True,-0.0012847576290369034,GGCCCCCGGGGGACAGGGACGCCGGGAAGGCCTGGC
11,9,13,mlp,degradation,1.0,1.044565200805664,2773,GAGGGG,1.91796875,0,AAAAAN,2.0,0,AAAAAN,2.0,2773,GAGGGG,0.0014009603764861822,0,AAAAAN,6.242316885618493e-05,835,AGGCTN,0.05097541958093643,False,False,True,-0.0012505967170000076,GGCCCCCGGGGGACAGGGACGCCGGGAAGGCCTGGC
11,10,13,mlp,degradation,1.041015625,1.0720086097717285,2773,GAGGGG,1.91015625,0,AAAAAN,2.0,0,AAAAAN,2.0,2773,GAGGGG,0.0013774937251582742,0,AAAAAN,6.130939436843619e-05,835,AGGCTN,0.049729231745004654,False,False,True,-0.0011198148131370544,GGCCCCCGGGGGACAGGGACGCCGGGAAGGCCTGGC
11,11,13,mlp,degradation,1.08203125,1.093416690826416,2773,GAGGGG,1.90234375,0,AAAAAN,2.0,0,AAAAAN,2.0,2773,GAGGGG,0.001359290792606771,0,AAAAAN,6.0543672589119524e-05,835,AGGCTN,0.04952038452029228,False,False,True,-0.0009022951126098633,GGCCCCCGGGGGACAGGGACGCCGGGAAGGCCTGGC
11,12,13,mlp,degradation,0.9228515625,1.0060721635818481,2773,GAGGGG,1.9326171875,0,AAAAAN,2.0,0,AAAAAN,2.0,2773,GAGGGG,0.0014293099520727992,0,AAAAAN,5.9419799072202295e-05,835,AGGCTN,0.04901581257581711,False,False,True,-0.0009605418890714645,GGCCCCCGGGGGACAGGGACGCCGGGAAGGCCTGGC
12,0,13,mlp,degradation,1.0615234375,1.042789340019226,2773,GAGGGG,1.90625,0,AAAAAN,2.0,0,AAAAAN,2.0,2773,GAGGGG,0.001401477842591703,0,AAAAAN,6.149418913992122e-05,835,AGGCTN,0.04887037351727486,False,False,True,2.781488001346588e-05,GGCCCCCGGGGGACAGGGACGCCGGGAAGGCCTGGC
12,1,13,mlp,degradation,1.025390625,1.008313536643982,2773,GAGGGG,1.9130859375,0,AAAAAN,2.0,0,AAAAAN,2.0,2773,GAGGGG,0.0014293865533545613,0,AAAAAN,6.132203270681202e-05,835,AGGCTN,0.048386771231889725,False,False,True,5.8323144912719727e-05,GGCCCCCGGGGGACAGGGACGCCGGGAAGGCCTGGC
12,2,13,mlp,degradation,1.0205078125,1.0191251039505005,2773,GAGGGG,1.9140625,0,AAAAAN,2.0,0,AAAAAN,2.0,2773,GAGGGG,0.001420751796104014,0,AAAAAN,6.149338878458366e-05,835,AGGCTN,0.049070000648498535,False,False,True,0.0001621246337890625,GGCCCCCGGGGGACAGGGACGCCGGGAAGGCCTGGC
12,3,13,mlp,degradation,1.015625,0.9991750121116638,2773,GAGGGG,1.9150390625,0,AAAAAN,2.0,0,AAAAAN,2.0,2773,GAGGGG,0.0014383316738530993,0,AAAAAN,6.282377580646425e-05,835,AGGCTN,0.04932896047830582,False,False,True,3.162771463394165e-06,GGCCCCCGGGGGACAGGGACGCCGGGAAGGCCTGGC
12,4,13,mlp,degradation,1.216796875,1.0788581371307373,2773,GAGGGG,1.876953125,0,AAAAAN,2.0,0,AAAAAN,2.0,2773,GAGGGG,0.001374713028781116,0,AAAAAN,6.410784408217296e-05,835,AGGCTN,0.04823422059416771,False,False,True,2.8409063816070557e-05,GGCCCCCGGGGGACAGGGACGCCGGGAAGGCCTGGC
12,5,13,mlp,degradation,0.91259765625,0.968410849571228,2773,GAGGGG,1.9345703125,0,AAAAAN,2.0,0,AAAAAN,2.0,2773,GAGGGG,0.0014656041748821735,0,AAAAAN,6.503861368400976e-05,835,AGGCTN,0.0459551066160202,False,False,True,-0.0001491215080022812,GGCCCCCGGGGGACAGGGACGCCGGGAAGGCCTGGC
12,6,13,mlp,degradation,0.91259765625,0.9642297029495239,2773,GAGGGG,1.9345703125,0,AAAAAN,2.0,0,AAAAAN,2.0,2773,GAGGGG,0.0014697746373713017,0,AAAAAN,6.580336776096374e-05,835,AGGCTN,0.046797338873147964,False,False,True,-0.00036009401082992554,GGCCCCCGGGGGACAGGGACGCCGGGAAGGCCTGGC
12,7,13,mlp,degradation,0.78369140625,0.9594041705131531,2773,GAGGGG,1.958984375,0,AAAAAN,2.0,0,AAAAAN,2.0,2773,GAGGGG,0.001471529365517199,0,AAAAAN,6.362768908729777e-05,835,AGGCTN,0.049106236547231674,False,False,True,-0.0008590370416641235,GGCCCCCGGGGGACAGGGACGCCGGGAAGGCCTGGC
12,8,13,mlp,degradation,1.041015625,1.043036937713623,2773,GAGGGG,1.91015625,0,AAAAAN,2.0,0,AAAAAN,2.0,2773,GAGGGG,0.0014021804090589285,0,AAAAAN,6.239845970412716e-05,835,AGGCTN,0.05180744454264641,False,False,True,-0.0005850866436958313,GGCCCCCGGGGGACAGGGACGCCGGGAAGGCCTGGC
12,9,13,mlp,degradation,1.09765625,1.0917649269104004,2773,GAGGGG,1.8994140625,0,AAAAAN,2.0,0,AAAAAN,2.0,2773,GAGGGG,0.0013602670514956117,0,AAAAAN,6.01744613959454e-05,835,AGGCTN,0.05044937878847122,False,False,True,-0.0008474905043840408,GGCCCCCGGGGGACAGGGACGCCGGGAAGGCCTGGC
12,10,13,mlp,degradation,1.1337890625,1.073366403579712,2773,GAGGGG,1.892578125,0,AAAAAN,2.0,0,AAAAAN,2.0,2773,GAGGGG,0.001375195337459445,0,AAAAAN,6.011694495100528e-05,835,AGGCTN,0.050182439386844635,False,False,True,-0.0004309471696615219,GGCCCCCGGGGGACAGGGACGCCGGGAAGGCCTGGC
12,11,13,mlp,degradation,1.09765625,1.0714048147201538,2773,GAGGGG,1.8994140625,0,AAAAAN,2.0,0,AAAAAN,2.0,2773,GAGGGG,0.0013786542695015669,0,AAAAAN,6.197822949616238e-05,835,AGGCTN,0.049437329173088074,False,False,True,-0.0006202161312103271,GGCCCCCGGGGGACAGGGACGCCGGGAAGGCCTGGC
12,12,13,mlp,degradation,0.9228515625,1.0029590129852295,2773,GAGGGG,1.9326171875,0,AAAAAN,2.0,0,AAAAAN,2.0,2773,GAGGGG,0.001433444325812161,0,AAAAAN,6.101854160078801e-05,835,AGGCTN,0.04860416427254677,False,False,True,-0.0001607220619916916,GGCCCCCGGGGGACAGGGACGCCGGGAAGGCCTGGC
13,0,13,mlp,degradation,1.0,1.0089086294174194,2773,GAGGGG,1.91796875,0,AAAAAN,2.0,0,AAAAAN,2.0,2773,GAGGGG,0.0014305568765848875,0,AAAAAN,6.297711661318317e-05,835,AGGCTN,0.0492708757519722,False,False,True,-0.00010473467409610748,GGCCCCCGGGGGACAGGGACGCCGGGAAGGCCTGGC
13,1,13,mlp,degradation,0.958984375,1.0075194835662842,2773,GAGGGG,1.92578125,0,AAAAAN,2.0,0,AAAAAN,2.0,2773,GAGGGG,0.0014322190545499325,0,AAAAAN,6.350787589326501e-05,835,AGGCTN,0.04853002727031708,False,False,True,-0.0002714041620492935,GGCCCCCGGGGGACAGGGACGCCGGGAAGGCCTGGC
13,2,13,mlp,degradation,0.99462890625,1.0043878555297852,2773,GAGGGG,1.9189453125,0,AAAAAN,2.0,0,AAAAAN,2.0,2773,GAGGGG,0.0014333934523165226,0,AAAAAN,6.213139567989856e-05,835,AGGCTN,0.04796149954199791,False,False,True,-0.00029451027512550354,GGCCCCCGGGGGACAGGGACGCCGGGAAGGCCTGGC
13,3,13,mlp,degradation,1.046875,0.9985984563827515,2773,GAGGGG,1.9091796875,0,AAAAAN,2.0,0,AAAAAN,2.0,2773,GAGGGG,0.0014386565890163183,0,AAAAAN,6.267902790568769e-05,835,AGGCTN,0.048298001289367676,False,False,True,-0.00018395483493804932,GGCCCCCGGGGGACAGGGACGCCGGGAAGGCCTGGC
13,4,13,mlp,degradation,1.169921875,0.9870192408561707,2773,GAGGGG,1.8857421875,0,AAAAAN,2.0,0,AAAAAN,2.0,2773,GAGGGG,0.0014470979804173112,0,AAAAAN,6.168900290504098e-05,835,AGGCTN,0.04760250821709633,False,False,True,-9.728595614433289e-05,GGCCCCCGGGGGACAGGGACGCCGGGAAGGCCTGGC
13,5,13,mlp,degradation,0.71142578125,0.8904924392700195,2773,GAGGGG,1.97265625,0,AAAAAN,2.0,0,AAAAAN,2.0,2773,GAGGGG,0.0015265250112861395,0,AAAAAN,6.24940512352623e-05,835,AGGCTN,0.04743057116866112,False,False,True,-0.000387679785490036,GGCCCCCGGGGGACAGGGACGCCGGGAAGGCCTGGC
13,6,13,mlp,degradation,0.78369140625,0.9085542559623718,2773,GAGGGG,1.958984375,0,AAAAAN,2.0,0,AAAAAN,2.0,2773,GAGGGG,0.0015136945294216275,0,AAAAAN,6.437511910917237e-05,835,AGGCTN,0.04949174448847771,False,False,True,-0.0006908103823661804,GGCCCCCGGGGGACAGGGACGCCGGGAAGGCCTGGC
13,7,13,mlp,degradation,0.65966796875,0.9213376045227051,2773,GAGGGG,1.982421875,0,AAAAAN,2.0,0,AAAAAN,2.0,2773,GAGGGG,0.0015031384536996484,0,AAAAAN,6.423126615118235e-05,835,AGGCTN,0.0517241433262825,False,False,True,-0.0011199600994586945,GGCCCCCGGGGGACAGGGACGCCGGGAAGGCCTGGC
13,8,13,mlp,degradation,1.0927734375,1.0277928113937378,2773,GAGGGG,1.900390625,0,AAAAAN,2.0,0,AAAAAN,2.0,2773,GAGGGG,0.0014159075217321515,0,AAAAAN,6.37090633972548e-05,835,AGGCTN,0.052272338420152664,False,False,True,-0.0006185863167047501,GGCCCCCGGGGGACAGGGACGCCGGGAAGGCCTGGC
13,9,13,mlp,degradation,0.9228515625,0.9998083114624023,2773,GAGGGG,1.9326171875,0,AAAAAN,2.0,0,AAAAAN,2.0,2773,GAGGGG,0.0014371882425621152,0,AAAAAN,6.21961589786224e-05,835,AGGCTN,0.049500785768032074,False,False,True,-0.0006746780127286911,GGCCCCCGGGGGACAGGGACGCCGGGAAGGCCTGGC
13,10,13,mlp,degradation,0.98974609375,0.9934979677200317,2773,GAGGGG,1.919921875,0,AAAAAN,2.0,0,AAAAAN,2.0,2773,GAGGGG,0.0014431618619710207,0,AAAAAN,6.302991096163169e-05,835,AGGCTN,0.04924902319908142,False,False,True,5.4216012358665466e-05,GGCCCCCGGGGGACAGGGACGCCGGGAAGGCCTGGC
13,11,13,mlp,degradation,0.91748046875,0.9790246486663818,2773,GAGGGG,1.93359375,0,AAAAAN,2.0,0,AAAAAN,2.0,2773,GAGGGG,0.001456447527743876,0,AAAAAN,6.452691013691947e-05,835,AGGCTN,0.04863113537430763,False,False,True,-0.00015104003250598907,GGCCCCCGGGGGACAGGGACGCCGGGAAGGCCTGGC
13,12,13,mlp,degradation,0.81982421875,0.9224430322647095,2773,GAGGGG,1.9521484375,0,AAAAAN,2.0,0,AAAAAN,2.0,2773,GAGGGG,0.0014990911586210132,0,AAAAAN,6.108433444751427e-05,835,AGGCTN,0.04853498190641403,False,False,True,-1.1179596185684204e-05,GGCCCCCGGGGGACAGGGACGCCGGGAAGGCCTGGC
14,0,13,mlp,degradation,1.103515625,1.0489641427993774,2773,GAGGGG,1.8984375,0,AAAAAN,2.0,0,AAAAAN,2.0,2773,GAGGGG,0.0013967053964734077,0,AAAAAN,6.175126327434555e-05,835,AGGCTN,0.05160200223326683,False,False,True,0.00019046291708946228,GGCCCCCGGGGGACAGGGACGCCGGGAAGGCCTGGC
14,1,13,mlp,degradation,1.1337890625,1.0991591215133667,2773,GAGGGG,1.892578125,0,AAAAAN,2.0,0,AAAAAN,2.0,2773,GAGGGG,0.001355182146653533,0,AAAAAN,6.111217226134613e-05,835,AGGCTN,0.05023625120520592,False,False,True,0.0001379549503326416,GGCCCCCGGGGGACAGGGACGCCGGGAAGGCCTGGC
14,2,13,mlp,degradation,1.1181640625,1.08672034740448,2773,GAGGGG,1.8955078125,0,AAAAAN,2.0,0,AAAAAN,2.0,2773,GAGGGG,0.001365007134154439,0,AAAAAN,6.0805661632912233e-05,835,AGGCTN,0.049254387617111206,False,False,True,-1.4599412679672241e-05,GGCCCCCGGGGGACAGGGACGCCGGGAAGGCCTGGC
14,3,13,mlp,degradation,1.1962890625,1.0795246362686157,2773,GAGGGG,1.880859375,0,AAAAAN,2.0,0,AAAAAN,2.0,2773,GAGGGG,0.001371530699543655,0,AAAAAN,6.14683231106028e-05,835,AGGCTN,0.048288799822330475,False,False,True,-0.00014646723866462708,GGCCCCCGGGGGACAGGGACGCCGGGAAGGCCTGGC
14,4,13,mlp,degradation,1.0771484375,0.9394931793212891,2773,GAGGGG,1.9033203125,0,AAAAAN,2.0,0,AAAAAN,2.0,2773,GAGGGG,0.0014875793131068349,0,AAAAAN,6.345992005662993e-05,835,AGGCTN,0.04863787814974785,False,False,True,-0.00030831433832645416,GGCCCCCGGGGGACAGGGACGCCGGGAAGGCCTGGC
14,5,13,mlp,degradation,0.685546875,0.7590326070785522,2773,GAGGGG,1.9775390625,0,AAAAAN,2.0,0,AAAAAN,2.0,2773,GAGGGG,0.0016401095781475306,0,AAAAAN,6.900329753989354e-05,835,AGGCTN,0.04731671139597893,False,False,True,-0.0005473960191011429,GGCCCCCGGGGGACAGGGACGCCGGGAAGGCCTGGC
14,6,13,mlp,degradation,0.515625,0.6819714307785034,2773,GAGGGG,2.009765625,0,AAAAAN,2.0,2773,GAGGGG,2.009765625,2773,GAGGGG,0.0017034809570759535,0,AAAAAN,6.960761675145477e-05,835,AGGCTN,0.047833964228630066,True,False,True,-0.00019224174320697784,GGCCCCCGGGGGACAGGGACGCCGGGAAGGCCTGGC
14,7,13,mlp,degradation,0.54638671875,0.7547786235809326,2773,GAGGGG,2.00390625,0,AAAAAN,2.0,2773,GAGGGG,2.00390625,2773,GAGGGG,0.0016406741924583912,0,AAAAAN,6.610310083488002e-05,835,AGGCTN,0.04895936697721481,True,False,True,-0.0006706025451421738,GGCCCCCGGGGGACAGGGACGCCGGGAAGGCCTGGC
14,8,13,mlp,degradation,0.93798828125,0.9593168497085571,2773,GAGGGG,1.9296875,0,AAAAAN,2.0,0,AAAAAN,2.0,2773,GAGGGG,0.0014700866304337978,0,AAAAAN,6.211390427779406e-05,835,AGGCTN,0.05107621103525162,False,False,True,-0.0002361685037612915,GGCCCCCGGGGGACAGGGACGCCGGGAAGGCCTGGC
14,9,13,mlp,degradation,0.9794921875,1.003530740737915,2773,GAGGGG,1.921875,0,AAAAAN,2.0,0,AAAAAN,2.0,2773,GAGGGG,0.0014334459556266665,0,AAAAAN,6.148585089249536e-05,835,AGGCTN,0.049832820892333984,False,False,True,-0.0006110444664955139,GGCCCCCGGGGGACAGGGACGCCGGGAAGGCCTGGC
14,10,13,mlp,degradation,0.93798828125,0.9917635321617126,2773,GAGGGG,1.9296875,0,AAAAAN,2.0,0,AAAAAN,2.0,2773,GAGGGG,0.0014442927204072475,0,AAAAAN,6.274814950302243e-05,835,AGGCTN,0.04949864372611046,False,False,True,-0.00039369426667690277,GGCCCCCGGGGGACAGGGACGCCGGGAAGGCCTGGC
14,11,13,mlp,degradation,0.91259765625,0.9778919219970703,2773,GAGGGG,1.9345703125,0,AAAAAN,2.0,0,AAAAAN,2.0,2773,GAGGGG,0.0014567027101293206,0,AAAAAN,6.385946471709758e-05,835,AGGCTN,0.04855215176939964,False,False,True,-0.0004888158291578293,GGCCCCCGGGGGACAGGGACGCCGGGAAGGCCTGGC
14,12,13,mlp,degradation,0.96923828125,1.0675839185714722,2773,GAGGGG,1.923828125,0,AAAAAN,2.0,0,AAAAAN,2.0,2773,GAGGGG,0.0013809092342853546,0,AAAAAN,6.112102710176259e-05,835,AGGCTN,0.0486004576086998,False,False,True,0.0003348570317029953,GGCCCCCGGGGGACAGGGACGCCGGGAAGGCCTGGC
15,0,13,mlp,degradation,0.97412109375,0.9733275771141052,2773,GAGGGG,1.9228515625,0,AAAAAN,2.0,0,AAAAAN,2.0,2773,GAGGGG,0.001458828686736524,0,AAAAAN,6.226779805729166e-05,835,AGGCTN,0.049815583974123,False,False,True,0.00022254139184951782,GGCCCCCGGGGGACAGGGACGCCGGGAAGGCCTGGC
15,1,13,mlp,degradation,1.0107421875,1.0066301822662354,2773,GAGGGG,1.916015625,0,AAAAAN,2.0,0,AAAAAN,2.0,2773,GAGGGG,0.0014316239394247532,0,AAAAAN,6.218833732418716e-05,835,AGGCTN,0.04739119112491608,False,False,True,0.00010745413601398468,GGCCCCCGGGGGACAGGGACGCCGGGAAGGCCTGGC
15,2,13,mlp,degradation,1.0673828125,1.0133843421936035,2773,GAGGGG,1.9052734375,0,AAAAAN,2.0,0,AAAAAN,2.0,2773,GAGGGG,0.0014257662696763873,0,AAAAAN,6.183196819620207e-05,835,AGGCTN,0.046817850321531296,False,False,True,8.198991417884827e-05,GGCCCCCGGGGGACAGGGACGCCGGGAAGGCCTGGC
15,3,13,mlp,degradation,1.0615234375,1.0399510860443115,2773,GAGGGG,1.90625,0,AAAAAN,2.0,0,AAAAAN,2.0,2773,GAGGGG,0.001404128153808415,0,AAAAAN,6.183268851600587e-05,835,AGGCTN,0.046435628086328506,False,False,True,-2.4339184165000916e-05,GGCCCCCGGGGGACAGGGACGCCGGGAAGGCCTGGC
15,4,13,mlp,degradation,0.89697265625,1.0111724138259888,2773,GAGGGG,1.9375,0,AAAAAN,2.0,0,AAAAAN,2.0,2773,GAGGGG,0.0014275074936449528,0,AAAAAN,6.17716068518348e-05,835,AGGCTN,0.047895193099975586,False,False,True,-8.995085954666138e-05,GGCCCCCGGGGGACAGGGACGCCGGGAAGGCCTGGC
15,5,13,mlp,degradation,0.515625,0.880323052406311,2773,GAGGGG,2.009765625,0,AAAAAN,2.0,2773,GAGGGG,2.009765625,2773,GAGGGG,0.0015361584955826402,0,AAAAAN,6.384446169249713e-05,835,AGGCTN,0.04752060025930405,True,False,True,-0.0003543458878993988,GGCCCCCGGGGGACAGGGACGCCGGGAAGGCCTGGC
15,6,13,mlp,degradation,0.54638671875,0.8292033672332764,2773,GAGGGG,2.00390625,0,AAAAAN,2.0,2773,GAGGGG,2.00390625,2773,GAGGGG,0.0015801027184352279,0,AAAAAN,6.615121674258262e-05,835,AGGCTN,0.04813174530863762,True,False,True,-0.0009307097643613815,GGCCCCCGGGGGACAGGGACGCCGGGAAGGCCTGGC
15,7,13,mlp,degradation,0.669921875,0.7640233039855957,2773,GAGGGG,1.98046875,0,AAAAAN,2.0,0,AAAAAN,2.0,2773,GAGGGG,0.0016309726051986217,0,AAAAAN,6.39312929706648e-05,835,AGGCTN,0.048843950033187866,False,False,True,-0.0007089283317327499,GGCCCCCGGGGGACAGGGACGCCGGGAAGGCCTGGC
15,8,13,mlp,degradation,0.9638671875,0.884443461894989,2773,GAGGGG,1.9248046875,0,AAAAAN,2.0,0,AAAAAN,2.0,2773,GAGGGG,0.0015306660206988454,0,AAAAAN,6.170820415718481e-05,835,AGGCTN,0.04960871487855911,False,False,True,-0.0006667580455541611,GGCCCCCGGGGGACAGGGACGCCGGGAAGGCCTGGC
15,9,13,mlp,degradation,0.91748046875,0.9130351543426514,2773,GAGGGG,1.93359375,0,AAAAAN,2.0,0,AAAAAN,2.0,2773,GAGGGG,0.0015067609492689371,0,AAAAAN,6.109128298703581e-05,835,AGGCTN,0.04862797632813454,False,False,True,-0.0005296096205711365,GGCCCCCGGGGGACAGGGACGCCGGGAAGGCCTGGC
15,10,13,mlp,degradation,0.89697265625,0.9307976961135864,2773,GAGGGG,1.9375,0,AAAAAN,2.0,0,AAAAAN,2.0,2773,GAGGGG,0.0014948565512895584,0,AAAAAN,6.365464651025832e-05,835,AGGCTN,0.04852728918194771,False,False,True,-0.0005411487072706223,GGCCCCCGGGGGACAGGGACGCCGGGAAGGCCTGGC
15,11,13,mlp,degradation,0.91259765625,0.9594874978065491,2773,GAGGGG,1.9345703125,0,AAAAAN,2.0,0,AAAAAN,2.0,2773,GAGGGG,0.0014743494102731347,0,AAAAAN,6.651564035564661e-05,835,AGGCTN,0.0480562262237072,False,False,True,-0.00037685222923755646,GGCCCCCGGGGGACAGGGACGCCGGGAAGGCCTGGC
15,12,13,mlp,degradation,0.958984375,0.973595142364502,2773,GAGGGG,1.92578125,0,AAAAAN,2.0,0,AAAAAN,2.0,2773,GAGGGG,0.001459350809454918,0,AAAAAN,6.300786481006071e-05,835,AGGCTN,0.048453740775585175,False,False,True,-0.00013149715960025787,GGCCCCCGGGGGACAGGGACGCCGGGAAGGCCTGGC
16,0,13,mlp,degradation,1.015625,1.0139213800430298,2773,GAGGGG,1.9150390625,0,AAAAAN,2.0,0,AAAAAN,2.0,2773,GAGGGG,0.0014250954845920205,0,AAAAAN,6.159860640764236e-05,835,AGGCTN,0.04999740794301033,False,False,True,-0.00022428855299949646,GGCCCCCGGGGGACAGGGACGCCGGGAAGGCCTGGC
16,1,13,mlp,degradation,1.046875,1.0466660261154175,2773,GAGGGG,1.9091796875,0,AAAAAN,2.0,0,AAAAAN,2.0,2773,GAGGGG,0.0013971218140795827,0,AAAAAN,6.029576252331026e-05,835,AGGCTN,0.04821043834090233,False,False,True,-0.0002895202487707138,GGCCCCCGGGGGACAGGGACGCCGGGAAGGCCTGGC
16,2,13,mlp,degradation,1.041015625,1.0172100067138672,2773,GAGGGG,1.91015625,0,AAAAAN,2.0,0,AAAAAN,2.0,2773,GAGGGG,0.0014207825297489762,0,AAAAAN,5.996421896270476e-05,835,AGGCTN,0.046963464468717575,False,False,True,-0.00015945732593536377,GGCCCCCGGGGGACAGGGACGCCGGGAAGGCCTGGC
16,3,13,mlp,degradation,1.0517578125,1.0099868774414062,2773,GAGGGG,1.908203125,0,AAAAAN,2.0,0,AAAAAN,2.0,2773,GAGGGG,0.0014272520784288645,0,AAAAAN,6.0550490161404014e-05,835,AGGCTN,0.045703496783971786,False,False,True,-0.00028479471802711487,GGCCCCCGGGGGACAGGGACGCCGGGAAGGCCTGGC
16,4,13,mlp,degradation,1.0927734375,1.0463072061538696,2773,GAGGGG,1.900390625,0,AAAAAN,2.0,0,AAAAAN,2.0,2773,GAGGGG,0.0013993033207952976,0,AAAAAN,6.218500493559986e-05,835,AGGCTN,0.047144871205091476,False,False,True,-0.00032452307641506195,GGCCCCCGGGGGACAGGGACGCCGGGAAGGCCTGGC
16,5,13,mlp,degradation,1.2578125,1.0640159845352173,2773,GAGGGG,1.869140625,0,AAAAAN,2.0,0,AAAAAN,2.0,2773,GAGGGG,0.0013855345314368606,0,AAAAAN,6.284013943513855e-05,835,AGGCTN,0.04793696478009224,False,False,True,-0.00041247159242630005,GGCCCCCGGGGGACAGGGACGCCGGGAAGGCCTGGC
16,6,13,mlp,degradation,1.0517578125,0.9961055517196655,2773,GAGGGG,1.908203125,0,AAAAAN,2.0,0,AAAAAN,2.0,2773,GAGGGG,0.0014416356571018696,0,AAAAAN,6.362763087963685e-05,835,AGGCTN,0.04938497021794319,False,False,True,-0.0003805253654718399,GGCCCCCGGGGGACAGGGACGCCGGGAAGGCCTGGC
16,7,13,mlp,degradation,1.0107421875,0.8495773077011108,2773,GAGGGG,1.916015625,0,AAAAAN,2.0,0,AAAAAN,2.0,2773,GAGGGG,0.0015617682365700603,0,AAAAAN,6.441149162128568e-05,835,AGGCTN,0.049062423408031464,False,False,True,-0.0004256144165992737,GGCCCCCGGGGGACAGGGACGCCGGGAAGGCCTGGC
16,8,13,mlp,degradation,0.82470703125,0.8533684611320496,2773,GAGGGG,1.951171875,0,AAAAAN,2.0,0,AAAAAN,2.0,2773,GAGGGG,0.0015587462112307549,0,AAAAAN,6.447742634918541e-05,835,AGGCTN,0.0494714193046093,False,False,True,-0.00040785036981105804,GGCCCCCGGGGGACAGGGACGCCGGGAAGGCCTGGC
16,9,13,mlp,degradation,1.025390625,0.920981764793396,2773,GAGGGG,1.9130859375,0,AAAAAN,2.0,0,AAAAAN,2.0,2773,GAGGGG,0.0015017359983175993,0,AAAAAN,6.253890023799613e-05,835,AGGCTN,0.04891902208328247,False,False,True,-0.0004692133516073227,GGCCCCCGGGGGACAGGGACGCCGGGAAGGCCTGGC
16,10,13,mlp,degradation,1.0,0.9660372734069824,2773,GAGGGG,1.91796875,0,AAAAAN,2.0,0,AAAAAN,2.0,2773,GAGGGG,0.0014636300038546324,0,AAAAAN,6.113104609539732e-05,835,AGGCTN,0.049759626388549805,False,False,True,-0.000485006719827652,GGCCCCCGGGGGACAGGGACGCCGGGAAGGCCTGGC
16,11,13,mlp,degradation,1.015625,0.9174090027809143,2773,GAGGGG,1.9150390625,0,AAAAAN,2.0,0,AAAAAN,2.0,2773,GAGGGG,0.0015048832865431905,0,AAAAAN,6.277616921579465e-05,835,AGGCTN,0.0496918149292469,False,False,True,-0.0003297310322523117,GGCCCCCGGGGGACAGGGACGCCGGGAAGGCCTGGC
16,12,13,mlp,degradation,1.03125,0.9376180171966553,2773,GAGGGG,1.912109375,0,AAAAAN,2.0,0,AAAAAN,2.0,2773,GAGGGG,0.0014905226416885853,0,AAAAAN,6.487598875537515e-05,835,AGGCTN,0.049696821719408035,False,False,True,-0.0003906283527612686,GGCCCCCGGGGGACAGGGACGCCGGGAAGGCCTGGC
17,0,13,mlp,degradation,1.0,1.0031111240386963,2773,GAGGGG,1.91796875,0,AAAAAN,2.0,0,AAAAAN,2.0,2773,GAGGGG,0.0014345449162647128,0,AAAAAN,6.22429943177849e-05,835,AGGCTN,0.04999597743153572,False,False,True,-1.6596168279647827e-05,GGCCCCCGGGGGACAGGGACGCCGGGAAGGCCTGGC
17,1,13,mlp,degradation,1.0,1.0182346105575562,2773,GAGGGG,1.91796875,0,AAAAAN,2.0,0,AAAAAN,2.0,2773,GAGGGG,0.0014231360983103514,0,AAAAAN,6.315236532827839e-05,835,AGGCTN,0.04943666607141495,False,False,True,-4.7009438276290894e-05,GGCCCCCGGGGGACAGGGACGCCGGGAAGGCCTGGC
17,2,13,mlp,degradation,1.0,0.9723180532455444,2773,GAGGGG,1.91796875,0,AAAAAN,2.0,0,AAAAAN,2.0,2773,GAGGGG,0.001460335566662252,0,AAAAAN,6.295234197750688e-05,835,AGGCTN,0.049379415810108185,False,False,True,-0.00012863613665103912,GGCCCCCGGGGGACAGGGACGCCGGGAAGGCCTGGC
17,3,13,mlp,degradation,1.0,0.9017380475997925,2773,GAGGGG,1.91796875,0,AAAAAN,2.0,0,AAAAAN,2.0,2773,GAGGGG,0.0015191807178780437,0,AAAAAN,6.430945359170437e-05,835,AGGCTN,0.0484406016767025,False,False,True,-0.00022462569177150726,GGCCCCCGGGGGACAGGGACGCCGGGAAGGCCTGGC
17,4,13,mlp,degradation,1.0,0.7017139196395874,2773,GAGGGG,1.91796875,0,AAAAAN,2.0,0,AAAAAN,2.0,2773,GAGGGG,0.0016843184130266309,0,AAAAAN,6.652557203778997e-05,835,AGGCTN,0.047886982560157776,False,False,True,-0.00036480650305747986,GGCCCCCGGGGGACAGGGACGCCGGGAAGGCCTGGC
17,5,13,mlp,degradation,0.08245849609375,0.3942939341068268,2773,GAGGGG,2.091796875,0,AAAAAN,2.0,2773,GAGGGG,2.091796875,2773,GAGGGG,0.001933943247422576,0,AAAAAN,6.575378938578069e-05,835,AGGCTN,0.04685063660144806,True,False,True,-0.0006269365549087524,GGCCCCCGGGGGACAGGGACGCCGGGAAGGCCTGGC
17,6,13,mlp,degradation,0.08245849609375,0.39457622170448303,2773,GAGGGG,2.091796875,0,AAAAAN,2.0,2773,GAGGGG,2.091796875,2773,GAGGGG,0.001934453030116856,0,AAAAAN,6.649351416854188e-05,835,AGGCTN,0.047273796051740646,True,False,True,-0.0007271710783243179,GGCCCCCGGGGGACAGGGACGCCGGGAAGGCCTGGC
17,7,13,mlp,degradation,0.08245849609375,0.5141417980194092,2773,GAGGGG,2.091796875,0,AAAAAN,2.0,2773,GAGGGG,2.091796875,2773,GAGGGG,0.0018359572859480977,0,AAAAAN,6.538508750963956e-05,835,AGGCTN,0.047404658049345016,True,False,True,-0.0011814944446086884,GGCCCCCGGGGGACAGGGACGCCGGGAAGGCCTGGC
17,8,13,mlp,degradation,1.0,0.8580238819122314,2773,GAGGGG,1.91796875,0,AAAAAN,2.0,0,AAAAAN,2.0,2773,GAGGGG,0.0015564460773020983,0,AAAAAN,6.59692013869062e-05,835,AGGCTN,0.048463668674230576,False,False,True,-0.0010757744312286377,GGCCCCCGGGGGACAGGGACGCCGGGAAGGCCTGGC
17,9,13,mlp,degradation,1.0,0.9333993792533875,2773,GAGGGG,1.91796875,0,AAAAAN,2.0,0,AAAAAN,2.0,2773,GAGGGG,0.0014944886788725853,0,AAAAAN,6.54058312647976e-05,835,AGGCTN,0.04939830303192139,False,False,True,-0.001047840341925621,GGCCCCCGGGGGACAGGGACGCCGGGAAGGCCTGGC
17,10,13,mlp,degradation,1.0,0.998266875743866,2773,GAGGGG,1.91796875,0,AAAAAN,2.0,0,AAAAAN,2.0,2773,GAGGGG,0.0014412659220397472,0,AAAAAN,6.501831376226619e-05,835,AGGCTN,0.05007792264223099,False,False,True,-0.0005997642874717712,GGCCCCCGGGGGACAGGGACGCCGGGAAGGCCTGGC
17,11,13,mlp,degradation,1.0,0.9483315348625183,2773,GAGGGG,1.91796875,0,AAAAAN,2.0,0,AAAAAN,2.0,2773,GAGGGG,0.0014823758974671364,0,AAAAAN,6.545540963998064e-05,835,AGGCTN,0.05013386532664299,False,False,True,-0.0005808770656585693,GGCCCCCGGGGGACAGGGACGCCGGGAAGGCCTGGC
17,12,13,mlp,degradation,1.0,0.9441786408424377,2773,GAGGGG,1.91796875,0,AAAAAN,2.0,0,AAAAAN,2.0,2773,GAGGGG,0.0014855440240353346,0,AAAAAN,6.524097261717543e-05,835,AGGCTN,0.049056217074394226,False,False,True,-0.0007562227547168732,GGCCCCCGGGGGACAGGGACGCCGGGAAGGCCTGGC
