Layer,Time_Offset,Target_Timestep,Component,Metric_Mode,Logit_Score,Posteriors_Score,Target_Transition_Prior,Target_String_Prior,Target_Logit,Wrong_Transition_Prior,Wrong_String_Prior,Wrong_Logit,Actual_Argmax_Prior,Actual_String_Prior,Actual_Argmax_Logit,Target_Transition_Post,Target_String_Post,Target_Prob,Wrong_Transition_Post,Wrong_String_Post,Wrong_Prob,Actual_Transition_Post,actual_String_Post,actual_Prob,Is_Target_Logit_Argmax,Is_Target_Prob_Argmax,Should_Decode,Global_MSE_Change,New_String
0,0,48,mlp,recovery,0.1875,0.12535864114761353,3293,GGCAGG,4.234375,3323,GGCGAG,4.2734375,3323,GGCGAG,4.2734375,3293,GGCAGG,0.07760515809059143,3323,GGCGAG,0.02501734532415867,3293,GGCAGG,0.07760515809059143,False,True,True,-0.0017655044794082642,GCGGGCAGGGCTGCAACCC
0,1,48,mlp,recovery,0.21875,0.14721280336380005,3293,GGCAGG,4.2421875,3323,GGCGAG,4.2734375,3323,GGCGAG,4.2734375,3293,GGCAGG,0.07795771211385727,3323,GGCGAG,0.024911845102906227,3293,GGCAGG,0.07795771211385727,False,True,True,-0.0013262592256069183,GCGGGCAGGGCTGCAACCC
0,2,48,mlp,recovery,0.046875,0.07158374786376953,3293,GGCAGG,4.23046875,3323,GGCGAG,4.3046875,3323,GGCGAG,4.3046875,3293,GGCAGG,0.07699751108884811,3323,GGCGAG,0.02553679421544075,3293,GGCAGG,0.07699751108884811,False,True,True,0.001079171895980835,GCGGGCAGGGCTGCAACCC
0,3,48,mlp,recovery,0.0625,0.09264683723449707,3293,GGCAGG,4.234375,3323,GGCGAG,4.3046875,3323,GGCGAG,4.3046875,3293,GGCAGG,0.07748071104288101,3323,GGCGAG,0.025578521192073822,3293,GGCAGG,0.07748071104288101,False,True,True,0.001096326857805252,GCGGGCAGGGCTGCAACCC
0,4,48,mlp,recovery,0.03125,0.04755532741546631,3293,GGCAGG,4.2265625,3323,GGCGAG,4.3046875,3323,GGCGAG,4.3046875,3293,GGCAGG,0.07662885636091232,3323,GGCGAG,0.025671767070889473,3293,GGCAGG,0.07662885636091232,False,True,True,0.0008849948644638062,GCGGGCAGGGCTGCAACCC
0,5,48,mlp,recovery,0.03125,0.05381697416305542,3293,GGCAGG,4.2265625,3323,GGCGAG,4.3046875,3323,GGCGAG,4.3046875,3293,GGCAGG,0.07658150792121887,3323,GGCGAG,0.02549317665398121,3293,GGCAGG,0.07658150792121887,False,True,True,0.0002973712980747223,GCGGGCAGGGCTGCAACCC
0,6,48,mlp,recovery,0.046875,0.058836281299591064,3293,GGCAGG,4.2265625,3323,GGCGAG,4.30078125,3323,GGCGAG,4.30078125,3293,GGCAGG,0.07666689157485962,3323,GGCGAG,0.025473354384303093,3293,GGCAGG,0.07666689157485962,False,True,True,-0.0007252134382724762,GCGGGCAGGGCTGCAACCC
0,7,48,mlp,recovery,0.046875,0.09519451856613159,3293,GGCAGG,4.234375,3323,GGCGAG,4.30859375,3323,GGCGAG,4.30859375,3293,GGCAGG,0.07751673460006714,3323,GGCGAG,0.025561144575476646,3293,GGCAGG,0.07751673460006714,False,True,True,0.0007952377200126648,GCGGGCAGGGCTGCAACCC
0,8,48,mlp,recovery,0.0625,0.11532217264175415,3293,GGCAGG,4.2421875,3323,GGCGAG,4.3125,3323,GGCGAG,4.3125,3293,GGCAGG,0.07808990776538849,3323,GGCGAG,0.025712454691529274,3293,GGCAGG,0.07808990776538849,False,True,True,0.0008394941687583923,GCGGGCAGGGCTGCAACCC
0,9,48,mlp,recovery,0.0625,0.08135628700256348,3293,GGCAGG,4.234375,3323,GGCGAG,4.3046875,3323,GGCGAG,4.3046875,3293,GGCAGG,0.07731159776449203,3323,GGCGAG,0.02564605139195919,3293,GGCAGG,0.07731159776449203,False,True,True,0.00012585893273353577,GCGGGCAGGGCTGCAACCC
0,10,48,mlp,recovery,0.015625,0.0673338770866394,3293,GGCAGG,4.23046875,3323,GGCGAG,4.3125,3323,GGCGAG,4.3125,3293,GGCAGG,0.07724156975746155,3323,GGCGAG,0.025869928300380707,3293,GGCAGG,0.07724156975746155,False,True,True,0.0017709881067276,GCGGGCAGGGCTGCAACCC
0,11,48,mlp,recovery,0.03125,0.0865476131439209,3293,GGCAGG,4.234375,3323,GGCGAG,4.3125,3323,GGCGAG,4.3125,3293,GGCAGG,0.07763054966926575,3323,GGCGAG,0.025856195017695427,3293,GGCAGG,0.07763054966926575,False,True,True,0.0013459213078022003,GCGGGCAGGGCTGCAACCC
0,12,48,mlp,recovery,0.03125,0.0710146427154541,3293,GGCAGG,4.23046875,3323,GGCGAG,4.30859375,3323,GGCGAG,4.30859375,3293,GGCAGG,0.07704681903123856,3323,GGCGAG,0.025598030537366867,3293,GGCAGG,0.07704681903123856,False,True,True,0.0006895959377288818,CGGGCAGGGCTGCAACCC
0,13,48,mlp,recovery,0.0,0.041449010372161865,3293,GGCAGG,4.2265625,3323,GGCGAG,4.3125,3323,GGCGAG,4.3125,3293,GGCAGG,0.07661526650190353,3323,GGCGAG,0.025786161422729492,3293,GGCAGG,0.07661526650190353,False,True,True,0.0019966326653957367,GCGGGCAGGGCTGCAACCC
0,14,48,mlp,recovery,0.0625,0.1000833511352539,3293,GGCAGG,4.234375,3323,GGCGAG,4.3046875,3323,GGCGAG,4.3046875,3293,GGCAGG,0.07758177071809769,3323,GGCGAG,0.0255237128585577,3293,GGCAGG,0.07758177071809769,False,True,True,-0.00022640079259872437,GCGGGCAGGGCTGCAACCC
0,15,48,mlp,recovery,0.078125,0.02757662534713745,3293,GGCAGG,4.2265625,3323,GGCGAG,4.29296875,3323,GGCGAG,4.29296875,3293,GGCAGG,0.07552774995565414,3323,GGCGAG,0.024989403784275055,3293,GGCAGG,0.07552774995565414,False,True,True,-0.019997427240014076,GCGGGCAGGGCTGCAACCC
0,16,48,mlp,recovery,-0.046875,-0.27012503147125244,3293,GGCAGG,4.171875,3323,GGCGAG,4.26953125,3323,GGCGAG,4.26953125,3293,GGCAGG,0.06951004266738892,3323,GGCGAG,0.0252113938331604,3293,GGCAGG,0.06951004266738892,False,True,True,-0.024363581091165543,CGGGCAGGGCTGCAACCC
0,17,48,mlp,recovery,0.03125,-0.16243958473205566,3293,GGCAGG,4.1953125,3323,GGCGAG,4.2734375,3323,GGCGAG,4.2734375,3293,GGCAGG,0.07187186181545258,3323,GGCGAG,0.02531616948544979,3293,GGCAGG,0.07187186181545258,False,True,True,-0.0250969510525465,CGGGCAGGGCTGCAACCC
0,18,48,mlp,recovery,-0.03125,-0.1650981903076172,3293,GGCAGG,4.1875,3323,GGCGAG,4.28125,3323,GGCGAG,4.28125,3293,GGCAGG,0.07248543947935104,3323,GGCGAG,0.0259854719042778,3293,GGCAGG,0.07248543947935104,False,True,True,-0.006942622363567352,CGGGCAGGGCTGCAACCC
0,19,48,mlp,recovery,0.140625,0.17163175344467163,3293,GGCAGG,4.25390625,3323,GGCGAG,4.3046875,3323,GGCGAG,4.3046875,3293,GGCAGG,0.07913823425769806,3323,GGCGAG,0.025580555200576782,3293,GGCAGG,0.07913823425769806,False,True,True,0.0016010701656341553,GCGGGCAGGGCTGCAACCC
0,20,48,mlp,recovery,0.046875,0.07211220264434814,3293,GGCAGG,4.2265625,3323,GGCGAG,4.30078125,3323,GGCGAG,4.30078125,3293,GGCAGG,0.07705728709697723,3323,GGCGAG,0.025585493072867393,3293,GGCAGG,0.07705728709697723,False,True,True,0.001986030489206314,GCGGGCAGGGCTGCAACCC
0,21,48,mlp,recovery,0.09375,0.0955539345741272,3293,GGCAGG,4.2265625,3323,GGCGAG,4.2890625,3323,GGCGAG,4.2890625,3293,GGCAGG,0.0774478167295456,3323,GGCGAG,0.02548469603061676,3293,GGCAGG,0.0774478167295456,False,True,True,0.0008886158466339111,GCGGGCAGGGCTGCAACCC
0,22,48,mlp,recovery,0.0,0.006740689277648926,3293,GGCAGG,4.20703125,3323,GGCGAG,4.29296875,3323,GGCGAG,4.29296875,3293,GGCAGG,0.0764266848564148,3323,GGCGAG,0.026325050741434097,3293,GGCAGG,0.0764266848564148,False,True,True,0.0021933577954769135,CGGGCAGGGCTGCAACCC
0,23,48,mlp,recovery,0.0625,0.028640925884246826,3293,GGCAGG,4.2109375,3323,GGCGAG,4.28125,3323,GGCGAG,4.28125,3293,GGCAGG,0.07615289092063904,3323,GGCGAG,0.025592239573597908,3293,GGCAGG,0.07615289092063904,False,True,True,-0.0004904977977275848,CGGGCAGGGCTGCAACCC
0,24,48,mlp,recovery,0.078125,0.019366562366485596,3293,GGCAGG,4.20703125,3323,GGCGAG,4.2734375,3323,GGCGAG,4.2734375,3293,GGCAGG,0.07573747634887695,3323,GGCGAG,0.025371206924319267,3293,GGCAGG,0.07573747634887695,False,True,True,-0.0006638318300247192,CGGGCAGGGCTGCAACCC
0,25,48,mlp,recovery,0.109375,0.08350402116775513,3293,GGCAGG,4.21875,3323,GGCGAG,4.27734375,3323,GGCGAG,4.27734375,3293,GGCAGG,0.07683239132165909,3323,GGCGAG,0.02512183226644993,3293,GGCAGG,0.07683239132165909,False,True,True,-4.1525810956954956e-05,GCGGGCAGGGCTGCAACCC
0,26,48,mlp,recovery,0.078125,0.08451485633850098,3293,GGCAGG,4.234375,3323,GGCGAG,4.30078125,3323,GGCGAG,4.30078125,3293,GGCAGG,0.07717986404895782,3323,GGCGAG,0.025448117405176163,3293,GGCAGG,0.07717986404895782,False,True,True,-0.0006641745567321777,GCGGGCAGGGCTGCAACCC
0,27,48,mlp,recovery,0.140625,0.18421483039855957,3293,GGCAGG,4.25390625,3323,GGCGAG,4.3046875,3323,GGCGAG,4.3046875,3293,GGCAGG,0.0789923444390297,3323,GGCGAG,0.025170929729938507,3293,GGCAGG,0.0789923444390297,False,True,True,0.0005097612738609314,GCGGGCAGGGCTGCAACCC
0,28,48,mlp,recovery,0.203125,0.26260286569595337,3293,GGCAGG,4.265625,3323,GGCGAG,4.30078125,3323,GGCGAG,4.30078125,3293,GGCAGG,0.08028406649827957,3323,GGCGAG,0.024819670245051384,3293,GGCAGG,0.08028406649827957,False,True,True,-0.00010005757212638855,GCGGGCAGGGCTGCAACCC
0,29,48,mlp,recovery,0.140625,0.18082785606384277,3293,GGCAGG,4.25,3323,GGCGAG,4.30078125,3323,GGCGAG,4.30078125,3293,GGCAGG,0.07901184260845184,3323,GGCGAG,0.025261417031288147,3293,GGCAGG,0.07901184260845184,False,True,True,0.0011830925941467285,GCGGGCAGGGCTGCAACCC
0,30,48,mlp,recovery,0.078125,0.11212718486785889,3293,GGCAGG,4.23828125,3323,GGCGAG,4.3046875,3323,GGCGAG,4.3046875,3293,GGCAGG,0.07761174440383911,3323,GGCGAG,0.025301257148385048,3293,GGCAGG,0.07761174440383911,False,True,True,-0.0016719959676265717,GCGGGCAGGGCTGCAACCC
0,31,48,mlp,recovery,0.03125,0.07769310474395752,3293,GGCAGG,4.234375,3323,GGCGAG,4.3125,3323,GGCGAG,4.3125,3293,GGCAGG,0.07718151062726974,3323,GGCGAG,0.0255927424877882,3293,GGCAGG,0.07718151062726974,False,True,True,0.00025741755962371826,GCGGGCAGGGCTGCAACCC
1,0,48,mlp,recovery,0.0,0.0138702392578125,3293,GGCAGG,4.21484375,3323,GGCGAG,4.30078125,3323,GGCGAG,4.30078125,3293,GGCAGG,0.0760883018374443,3323,GGCGAG,0.025837235152721405,3293,GGCAGG,0.0760883018374443,False,True,True,0.0017526932060718536,GCGGGCAGGGCTGCAACCC
1,1,48,mlp,recovery,0.0,0.010743856430053711,3293,GGCAGG,4.21484375,3323,GGCGAG,4.30078125,3323,GGCGAG,4.30078125,3293,GGCAGG,0.07578685134649277,3323,GGCGAG,0.02560131438076496,3293,GGCAGG,0.07578685134649277,False,True,True,0.0012262128293514252,GCGGGCAGGGCTGCAACCC
1,2,48,mlp,recovery,-0.015625,0.009859085083007812,3293,GGCAGG,4.22265625,3323,GGCGAG,4.3125,3323,GGCGAG,4.3125,3293,GGCAGG,0.0761081650853157,3323,GGCGAG,0.025941168889403343,3293,GGCAGG,0.0761081650853157,False,True,True,0.0009409002959728241,GCGGGCAGGGCTGCAACCC
1,3,48,mlp,recovery,0.015625,0.03388327360153198,3293,GGCAGG,4.22265625,3323,GGCGAG,4.3046875,3323,GGCGAG,4.3046875,3293,GGCAGG,0.07635142654180527,3323,GGCGAG,0.025680895894765854,3293,GGCAGG,0.07635142654180527,False,True,True,0.001106657087802887,GCGGGCAGGGCTGCAACCC
1,4,48,mlp,recovery,0.0,-0.010909199714660645,3293,GGCAGG,4.21484375,3323,GGCGAG,4.30078125,3323,GGCGAG,4.30078125,3293,GGCAGG,0.0754002183675766,3323,GGCGAG,0.025668518617749214,3293,GGCAGG,0.0754002183675766,False,True,True,0.0003048144280910492,GCGGGCAGGGCTGCAACCC
1,5,48,mlp,recovery,0.03125,0.06540137529373169,3293,GGCAGG,4.2265625,3323,GGCGAG,4.3046875,3323,GGCGAG,4.3046875,3293,GGCAGG,0.07699592411518097,3323,GGCGAG,0.025664787739515305,3293,GGCAGG,0.07699592411518097,False,True,True,0.0017106980085372925,GCGGGCAGGGCTGCAACCC
1,6,48,mlp,recovery,0.046875,0.046505630016326904,3293,GGCAGG,4.2265625,3323,GGCGAG,4.30078125,3323,GGCGAG,4.30078125,3293,GGCAGG,0.07651293277740479,3323,GGCGAG,0.025577841326594353,3293,GGCAGG,0.07651293277740479,False,True,True,0.000711347907781601,GCGGGCAGGGCTGCAACCC
1,7,48,mlp,recovery,0.03125,0.02486187219619751,3293,GGCAGG,4.22265625,3323,GGCGAG,4.30078125,3323,GGCGAG,4.30078125,3293,GGCAGG,0.07610419392585754,3323,GGCGAG,0.02562274970114231,3293,GGCAGG,0.07610419392585754,False,True,True,-0.00031623244285583496,GCGGGCAGGGCTGCAACCC
1,8,48,mlp,recovery,0.046875,0.012014508247375488,3293,GGCAGG,4.21875,3323,GGCGAG,4.29296875,3323,GGCGAG,4.29296875,3293,GGCAGG,0.07578462362289429,3323,GGCGAG,0.025572452694177628,3293,GGCAGG,0.07578462362289429,False,True,True,-0.001467101275920868,GCGGGCAGGGCTGCAACCC
1,9,48,mlp,recovery,-0.015625,-0.03737235069274902,3293,GGCAGG,4.2109375,3323,GGCGAG,4.30078125,3323,GGCGAG,4.30078125,3293,GGCAGG,0.0748736709356308,3323,GGCGAG,0.02569662779569626,3293,GGCAGG,0.0748736709356308,False,True,True,-0.0009546950459480286,GCGGGCAGGGCTGCAACCC
1,10,48,mlp,recovery,0.0,-0.007959961891174316,3293,GGCAGG,4.21484375,3323,GGCGAG,4.30078125,3323,GGCGAG,4.30078125,3293,GGCAGG,0.07553381472826004,3323,GGCGAG,0.025740299373865128,3293,GGCAGG,0.07553381472826004,False,True,True,8.032843470573425e-05,GCGGGCAGGGCTGCAACCC
1,11,48,mlp,recovery,-0.015625,-0.03728139400482178,3293,GGCAGG,4.2109375,3323,GGCGAG,4.30078125,3323,GGCGAG,4.30078125,3293,GGCAGG,0.0749567374587059,3323,GGCGAG,0.0257777888327837,3293,GGCAGG,0.0749567374587059,False,True,True,-0.0005496889352798462,CGGGCAGGGCTGCAACCC
1,12,48,mlp,recovery,-0.015625,-0.04027962684631348,3293,GGCAGG,4.20703125,3323,GGCGAG,4.296875,3323,GGCGAG,4.296875,3293,GGCAGG,0.07477553188800812,3323,GGCGAG,0.02565942332148552,3293,GGCAGG,0.07477553188800812,False,True,True,-6.960704922676086e-05,CGGGCAGGGCTGCAACCC
1,13,48,mlp,recovery,-0.015625,-0.029868721961975098,3293,GGCAGG,4.2109375,3323,GGCGAG,4.30078125,3323,GGCGAG,4.30078125,3293,GGCAGG,0.07524051517248154,3323,GGCGAG,0.025906197726726532,3293,GGCAGG,0.07524051517248154,False,True,True,-0.0005695559084415436,CGGGCAGGGCTGCAACCC
1,14,48,mlp,recovery,-0.046875,-0.06998896598815918,3293,GGCAGG,4.203125,3323,GGCGAG,4.30078125,3323,GGCGAG,4.30078125,3293,GGCAGG,0.07440169155597687,3323,GGCGAG,0.025908278301358223,3293,GGCAGG,0.07440169155597687,False,True,True,-0.0023491308093070984,CGGGCAGGGCTGCAACCC
1,15,48,mlp,recovery,-0.109375,-0.23300457000732422,3293,GGCAGG,4.1796875,3323,GGCGAG,4.29296875,3323,GGCGAG,4.29296875,3293,GGCAGG,0.0711519792675972,3323,GGCGAG,0.026075299829244614,3293,GGCAGG,0.0711519792675972,False,True,True,-0.01742088422179222,CGGGCAGGGCTGCAACCC
1,16,48,mlp,recovery,-0.3125,-0.5907734632492065,3293,GGCAGG,4.109375,3323,GGCGAG,4.2734375,3323,GGCGAG,4.2734375,3293,GGCAGG,0.06522443890571594,3323,GGCGAG,0.027646441012620926,3293,GGCAGG,0.06522443890571594,False,True,True,-0.011040285229682922,CGGGCAGGGCTGCAACCC
1,17,48,mlp,recovery,-0.1875,-0.5024493932723999,3293,GGCAGG,4.13671875,3323,GGCGAG,4.26953125,3323,GGCGAG,4.26953125,3293,GGCAGG,0.06664849072694778,3323,GGCGAG,0.02721926011145115,3293,GGCAGG,0.06664849072694778,False,True,True,-0.013339648023247719,CGGGCAGGGCTGCAACCC
1,18,48,mlp,recovery,-0.140625,-0.27321910858154297,3293,GGCAGG,4.17578125,3323,GGCGAG,4.296875,3323,GGCGAG,4.296875,3293,GGCAGG,0.07144156098365784,3323,GGCGAG,0.027207762002944946,3293,GGCAGG,0.07144156098365784,False,True,True,0.004505496472120285,CGGGCAGGGCTGCAACCC
1,19,48,mlp,recovery,0.109375,0.09715622663497925,3293,GGCAGG,4.234375,3323,GGCGAG,4.29296875,3323,GGCGAG,4.29296875,3293,GGCAGG,0.077105812728405,3323,GGCGAG,0.02510910853743553,3293,GGCAGG,0.077105812728405,False,True,True,-0.00422278419137001,GCGGGCAGGGCTGCAACCC
1,20,48,mlp,recovery,0.0625,0.06329816579818726,3293,GGCAGG,4.21875,3323,GGCGAG,4.2890625,3323,GGCGAG,4.2890625,3293,GGCAGG,0.07651124894618988,3323,GGCGAG,0.025224195793271065,3293,GGCAGG,0.07651124894618988,False,True,True,-0.0006166063249111176,GCGGGCAGGGCTGCAACCC
1,21,48,mlp,recovery,0.09375,0.08541756868362427,3293,GGCAGG,4.23046875,3323,GGCGAG,4.29296875,3323,GGCGAG,4.29296875,3293,GGCAGG,0.07701262831687927,3323,GGCGAG,0.025261960923671722,3293,GGCAGG,0.07701262831687927,False,True,True,-0.0012841969728469849,GCGGGCAGGGCTGCAACCC
1,22,48,mlp,recovery,0.03125,0.06896460056304932,3293,GGCAGG,4.21875,3323,GGCGAG,4.296875,3323,GGCGAG,4.296875,3293,GGCAGG,0.07707209885120392,3323,GGCGAG,0.02566627785563469,3293,GGCAGG,0.07707209885120392,False,True,True,0.0024166181683540344,CGGGCAGGGCTGCAACCC
1,23,48,mlp,recovery,0.046875,0.06025499105453491,3293,GGCAGG,4.21875,3323,GGCGAG,4.29296875,3323,GGCGAG,4.29296875,3293,GGCAGG,0.07673647999763489,3323,GGCGAG,0.025513211265206337,3293,GGCAGG,0.07673647999763489,False,True,True,0.0008023083209991455,GCGGGCAGGGCTGCAACCC
1,24,48,mlp,recovery,0.0625,0.04669845104217529,3293,GGCAGG,4.22265625,3323,GGCGAG,4.29296875,3323,GGCGAG,4.29296875,3293,GGCAGG,0.07645636796951294,3323,GGCGAG,0.025517236441373825,3293,GGCAGG,0.07645636796951294,False,True,True,0.0008586011826992035,GCGGGCAGGGCTGCAACCC
1,25,48,mlp,recovery,0.171875,0.1995963454246521,3293,GGCAGG,4.25,3323,GGCGAG,4.29296875,3323,GGCGAG,4.29296875,3293,GGCAGG,0.07908317446708679,3323,GGCGAG,0.024939369410276413,3293,GGCAGG,0.07908317446708679,False,True,True,8.183345198631287e-05,GCGGGCAGGGCTGCAACCC
1,26,48,mlp,recovery,0.234375,0.3739793300628662,3293,GGCAGG,4.29296875,3323,GGCGAG,4.3203125,3323,GGCGAG,4.3203125,3293,GGCAGG,0.08252579718828201,3323,GGCGAG,0.024726999923586845,3293,GGCAGG,0.08252579718828201,False,True,True,0.002961762249469757,GCGGGCAGGGCTGCAACCC
1,27,48,mlp,recovery,0.375,0.6915174722671509,3293,GGCAGG,4.3515625,3323,GGCGAG,4.34375,3293,GGCAGG,4.3515625,3293,GGCAGG,0.08905427157878876,3323,GGCGAG,0.024600017815828323,3293,GGCAGG,0.08905427157878876,True,True,True,0.009094029664993286,GCGGGCAGGGCTGCAACCC
1,28,48,mlp,recovery,0.296875,0.5864418745040894,3293,GGCAGG,4.328125,3323,GGCGAG,4.33984375,3323,GGCGAG,4.33984375,3293,GGCAGG,0.0868215337395668,3323,GGCGAG,0.024569617584347725,3293,GGCAGG,0.0868215337395668,False,True,True,0.007363554090261459,GCGGGCAGGGCTGCAACCC
1,29,48,mlp,recovery,0.21875,0.40326201915740967,3293,GGCAGG,4.296875,3323,GGCGAG,4.328125,3323,GGCGAG,4.328125,3293,GGCAGG,0.08328325301408768,3323,GGCGAG,0.024870704859495163,3293,GGCAGG,0.08328325301408768,False,True,True,0.005744248628616333,GCGGGCAGGGCTGCAACCC
1,30,48,mlp,recovery,0.15625,0.2118593454360962,3293,GGCAGG,4.2578125,3323,GGCGAG,4.3046875,3323,GGCGAG,4.3046875,3293,GGCAGG,0.079380564391613,3323,GGCGAG,0.024979732930660248,3293,GGCAGG,0.079380564391613,False,True,True,0.0007000267505645752,GCGGGCAGGGCTGCAACCC
1,31,48,mlp,recovery,0.09375,0.12664777040481567,3293,GGCAGG,4.2421875,3323,GGCGAG,4.3046875,3323,GGCGAG,4.3046875,3293,GGCAGG,0.07749234139919281,3323,GGCGAG,0.024877507239580154,3293,GGCAGG,0.07749234139919281,False,True,True,-0.000685565173625946,GCGGGCAGGGCTGCAACCC
2,0,48,mlp,recovery,0.03125,0.05551546812057495,3293,GGCAGG,4.2265625,3323,GGCGAG,4.3046875,3323,GGCGAG,4.3046875,3293,GGCAGG,0.07670736312866211,3323,GGCGAG,0.025583432987332344,3293,GGCAGG,0.07670736312866211,False,True,True,0.0027023740112781525,GCGGGCAGGGCTGCAACCC
2,1,48,mlp,recovery,0.03125,0.06748992204666138,3293,GGCAGG,4.2265625,3323,GGCGAG,4.3046875,3323,GGCGAG,4.3046875,3293,GGCAGG,0.07695487886667252,3323,GGCGAG,0.025579968467354774,3293,GGCAGG,0.07695487886667252,False,True,True,0.0025474913418293,GCGGGCAGGGCTGCAACCC
2,2,48,mlp,recovery,0.0,0.038483619689941406,3293,GGCAGG,4.22265625,3323,GGCGAG,4.30859375,3323,GGCGAG,4.30859375,3293,GGCAGG,0.07672523707151413,3323,GGCGAG,0.025958282873034477,3293,GGCAGG,0.07672523707151413,False,True,True,0.0012852251529693604,GCGGGCAGGGCTGCAACCC
2,3,48,mlp,recovery,0.015625,0.04328036308288574,3293,GGCAGG,4.2265625,3323,GGCGAG,4.30859375,3323,GGCGAG,4.30859375,3293,GGCAGG,0.07650294154882431,3323,GGCGAG,0.025635451078414917,3293,GGCAGG,0.07650294154882431,False,True,True,0.0006486102938652039,GCGGGCAGGGCTGCAACCC
2,4,48,mlp,recovery,0.03125,0.047298312187194824,3293,GGCAGG,4.2265625,3323,GGCGAG,4.3046875,3323,GGCGAG,4.3046875,3293,GGCAGG,0.07678936421871185,3323,GGCGAG,0.02583765797317028,3293,GGCAGG,0.07678936421871185,False,True,True,0.0014377236366271973,GCGGGCAGGGCTGCAACCC
2,5,48,mlp,recovery,0.03125,0.03934210538864136,3293,GGCAGG,4.22265625,3323,GGCGAG,4.30078125,3323,GGCGAG,4.30078125,3293,GGCAGG,0.07645648717880249,3323,GGCGAG,0.025671539828181267,3293,GGCAGG,0.07645648717880249,False,True,True,0.0008988343179225922,CGGGCAGGGCTGCAACCC
2,6,48,mlp,recovery,0.0625,0.0481114387512207,3293,GGCAGG,4.2265625,3323,GGCGAG,4.296875,3323,GGCGAG,4.296875,3293,GGCAGG,0.07644010335206985,3323,GGCGAG,0.025471355766057968,3293,GGCAGG,0.07644010335206985,False,True,True,-0.0010748878121376038,GCGGGCAGGGCTGCAACCC
2,7,48,mlp,recovery,0.03125,-0.05007493495941162,3293,GGCAGG,4.2109375,3323,GGCGAG,4.2890625,3323,GGCGAG,4.2890625,3293,GGCAGG,0.07421763241291046,3323,GGCGAG,0.025306830182671547,3293,GGCAGG,0.07421763241291046,False,True,True,-0.005061697214841843,CGGGCAGGGCTGCAACCC
2,8,48,mlp,recovery,0.015625,-0.05017125606536865,3293,GGCAGG,4.20703125,3323,GGCGAG,4.2890625,3323,GGCGAG,4.2890625,3293,GGCAGG,0.07424858212471008,3323,GGCGAG,0.025339797139167786,3293,GGCAGG,0.07424858212471008,False,True,True,-0.006110928952693939,CGGGCAGGGCTGCAACCC
2,9,48,mlp,recovery,0.015625,-0.031636953353881836,3293,GGCAGG,4.2109375,3323,GGCGAG,4.29296875,3323,GGCGAG,4.29296875,3293,GGCAGG,0.07475684583187103,3323,GGCGAG,0.025459591299295425,3293,GGCAGG,0.07475684583187103,False,True,True,-0.0038289055228233337,CGGGCAGGGCTGCAACCC
2,10,48,mlp,recovery,0.0,-0.016572237014770508,3293,GGCAGG,4.21484375,3323,GGCGAG,4.30078125,3323,GGCGAG,4.30078125,3293,GGCAGG,0.07529148459434509,3323,GGCGAG,0.025678476318717003,3293,GGCAGG,0.07529148459434509,False,True,True,-0.0027756132185459137,CGGGCAGGGCTGCAACCC
2,11,48,mlp,recovery,0.015625,-0.020613551139831543,3293,GGCAGG,4.21484375,3323,GGCGAG,4.296875,3323,GGCGAG,4.296875,3293,GGCAGG,0.07517658919095993,3323,GGCGAG,0.025648290291428566,3293,GGCAGG,0.07517658919095993,False,True,True,-0.0024072714149951935,GCGGGCAGGGCTGCAACCC
2,12,48,mlp,recovery,0.0,-0.05558335781097412,3293,GGCAGG,4.20703125,3323,GGCGAG,4.29296875,3323,GGCGAG,4.29296875,3293,GGCAGG,0.07452856004238129,3323,GGCGAG,0.025733208283782005,3293,GGCAGG,0.07452856004238129,False,True,True,-0.0022297650575637817,CGGGCAGGGCTGCAACCC
2,13,48,mlp,recovery,0.046875,-0.03083062171936035,3293,GGCAGG,4.21484375,3323,GGCGAG,4.2890625,3323,GGCGAG,4.2890625,3293,GGCAGG,0.07471013814210892,3323,GGCGAG,0.02539598010480404,3293,GGCAGG,0.07471013814210892,False,True,True,-0.0025867633521556854,GCGGGCAGGGCTGCAACCC
2,14,48,mlp,recovery,0.03125,-0.08446741104125977,3293,GGCAGG,4.203125,3323,GGCGAG,4.28125,3323,GGCGAG,4.28125,3293,GGCAGG,0.07371855527162552,3323,GGCGAG,0.025528602302074432,3293,GGCAGG,0.07371855527162552,False,True,True,-0.006956331431865692,CGGGCAGGGCTGCAACCC
2,15,48,mlp,recovery,-0.078125,-0.23350095748901367,3293,GGCAGG,4.1875,3323,GGCGAG,4.29296875,3323,GGCGAG,4.29296875,3293,GGCAGG,0.07120475172996521,3323,GGCGAG,0.02613847702741623,3293,GGCAGG,0.07120475172996521,False,True,True,-0.018578603863716125,CGGGCAGGGCTGCAACCC
2,16,48,mlp,recovery,-0.015625,-0.05593538284301758,3293,GGCAGG,4.21484375,3323,GGCGAG,4.3046875,3323,GGCGAG,4.3046875,3293,GGCAGG,0.07524067163467407,3323,GGCGAG,0.026452701538801193,3293,GGCAGG,0.07524067163467407,False,True,True,-0.01322215236723423,GCGGGCAGGGCTGCAACCC
2,17,48,mlp,recovery,-0.046875,-0.04607796669006348,3293,GGCAGG,4.2265625,3323,GGCGAG,4.32421875,3323,GGCGAG,4.32421875,3293,GGCAGG,0.07571873068809509,3323,GGCGAG,0.026724152266979218,3293,GGCAGG,0.07571873068809509,False,True,True,-0.01024303212761879,GCGGGCAGGGCTGCAACCC
2,18,48,mlp,recovery,0.125,0.20983421802520752,3293,GGCAGG,4.25390625,3323,GGCGAG,4.30859375,3323,GGCGAG,4.30859375,3293,GGCAGG,0.080292709171772,3323,GGCGAG,0.02593432553112507,3293,GGCAGG,0.080292709171772,False,True,True,0.0019870921969413757,GCGGGCAGGGCTGCAACCC
2,19,48,mlp,recovery,0.03125,0.019589126110076904,3293,GGCAGG,4.22265625,3323,GGCGAG,4.30078125,3323,GGCGAG,4.30078125,3293,GGCAGG,0.07617191225290298,3323,GGCGAG,0.025800980627536774,3293,GGCAGG,0.07617191225290298,False,True,True,-0.002503432333469391,GCGGGCAGGGCTGCAACCC
2,20,48,mlp,recovery,0.03125,0.08463764190673828,3293,GGCAGG,4.2265625,3323,GGCGAG,4.3046875,3323,GGCGAG,4.3046875,3293,GGCAGG,0.07756166160106659,3323,GGCGAG,0.02582733891904354,3293,GGCAGG,0.07756166160106659,False,True,True,0.00048028677701950073,GCGGGCAGGGCTGCAACCC
2,21,48,mlp,recovery,0.0625,0.20458489656448364,3293,GGCAGG,4.26171875,3323,GGCGAG,4.33203125,3323,GGCGAG,4.33203125,3293,GGCAGG,0.08008649200201035,3323,GGCGAG,0.025838131085038185,3293,GGCAGG,0.08008649200201035,False,True,True,0.004858497530221939,GCGGGCAGGGCTGCAACCC
2,22,48,mlp,recovery,0.09375,0.289655864238739,3293,GGCAGG,4.2734375,3323,GGCGAG,4.3359375,3323,GGCGAG,4.3359375,3293,GGCAGG,0.08186902105808258,3323,GGCGAG,0.0258376095443964,3293,GGCAGG,0.08186902105808258,False,True,True,0.008719772100448608,GCGGGCAGGGCTGCAACCC
2,23,48,mlp,recovery,0.09375,0.27104395627975464,3293,GGCAGG,4.27734375,3323,GGCGAG,4.33984375,3323,GGCGAG,4.33984375,3293,GGCAGG,0.08141954243183136,3323,GGCGAG,0.02577822469174862,3293,GGCAGG,0.08141954243183136,False,True,True,0.007519911974668503,GCGGGCAGGGCTGCAACCC
2,24,48,mlp,recovery,0.125,0.207466721534729,3293,GGCAGG,4.25390625,3323,GGCGAG,4.30859375,3323,GGCGAG,4.30859375,3293,GGCAGG,0.07968885451555252,3323,GGCGAG,0.02538008987903595,3293,GGCAGG,0.07968885451555252,False,True,True,0.0017974339425563812,GCGGGCAGGGCTGCAACCC
2,25,48,mlp,recovery,0.171875,0.22674179077148438,3293,GGCAGG,4.2578125,3323,GGCGAG,4.30078125,3323,GGCGAG,4.30078125,3293,GGCAGG,0.079738087952137,3323,GGCGAG,0.025025326758623123,3293,GGCAGG,0.079738087952137,False,True,True,0.0008449293673038483,GCGGGCAGGGCTGCAACCC
2,26,48,mlp,recovery,0.171875,0.34805846214294434,3293,GGCAGG,4.28125,3323,GGCGAG,4.32421875,3323,GGCGAG,4.32421875,3293,GGCAGG,0.08254729211330414,3323,GGCGAG,0.025291787460446358,3293,GGCAGG,0.08254729211330414,False,True,True,0.005113828927278519,GCGGGCAGGGCTGCAACCC
2,27,48,mlp,recovery,0.25,0.4299287796020508,3293,GGCAGG,4.28125,3323,GGCGAG,4.3046875,3323,GGCGAG,4.3046875,3293,GGCAGG,0.08377665281295776,3323,GGCGAG,0.024805182591080666,3293,GGCAGG,0.08377665281295776,False,True,True,0.005399588495492935,GCGGGCAGGGCTGCAACCC
2,28,48,mlp,recovery,0.171875,0.3118619918823242,3293,GGCAGG,4.265625,3323,GGCGAG,4.30859375,3323,GGCGAG,4.30859375,3293,GGCAGG,0.08155699819326401,3323,GGCGAG,0.025060156360268593,3293,GGCAGG,0.08155699819326401,False,True,True,0.004576247185468674,GCGGGCAGGGCTGCAACCC
2,29,48,mlp,recovery,0.140625,0.19067305326461792,3293,GGCAGG,4.2421875,3323,GGCGAG,4.29296875,3323,GGCGAG,4.29296875,3293,GGCAGG,0.07896740734577179,3323,GGCGAG,0.02501063048839569,3293,GGCAGG,0.07896740734577179,False,True,True,0.0007009319961071014,GCGGGCAGGGCTGCAACCC
2,30,48,mlp,recovery,0.09375,0.16366273164749146,3293,GGCAGG,4.2421875,3323,GGCGAG,4.3046875,3323,GGCGAG,4.3046875,3293,GGCAGG,0.07873111218214035,3323,GGCGAG,0.025340458378195763,3293,GGCAGG,0.07873111218214035,False,True,True,0.0028111934661865234,GCGGGCAGGGCTGCAACCC
2,31,48,mlp,recovery,0.125,0.25294268131256104,3293,GGCAGG,4.2578125,3323,GGCGAG,4.3125,3323,GGCGAG,4.3125,3293,GGCAGG,0.08062293380498886,3323,GGCGAG,0.025361012667417526,3293,GGCAGG,0.08062293380498886,False,True,True,0.003562554717063904,GCGGGCAGGGCTGCAACCC
3,0,48,mlp,recovery,0.0,0.0800403356552124,3293,GGCAGG,4.234375,3323,GGCGAG,4.3203125,3323,GGCGAG,4.3203125,3293,GGCAGG,0.07772691547870636,3323,GGCGAG,0.026088951155543327,3293,GGCAGG,0.07772691547870636,False,True,True,0.006104428321123123,GCGGGCAGGGCTGCAACCC
3,1,48,mlp,recovery,0.015625,0.11643052101135254,3293,GGCAGG,4.2421875,3323,GGCGAG,4.32421875,3323,GGCGAG,4.32421875,3293,GGCAGG,0.07842947542667389,3323,GGCGAG,0.026028789579868317,3293,GGCAGG,0.07842947542667389,False,True,True,0.006443779915571213,GCGGGCAGGGCTGCAACCC
3,2,48,mlp,recovery,0.046875,0.14466440677642822,3293,GGCAGG,4.2421875,3323,GGCGAG,4.31640625,3323,GGCGAG,4.31640625,3293,GGCAGG,0.07874464243650436,3323,GGCGAG,0.02575218677520752,3293,GGCAGG,0.07874464243650436,False,True,True,0.003907404839992523,GCGGGCAGGGCTGCAACCC
3,3,48,mlp,recovery,0.03125,0.10312551259994507,3293,GGCAGG,4.234375,3323,GGCGAG,4.3125,3323,GGCGAG,4.3125,3293,GGCAGG,0.07797664403915405,3323,GGCGAG,0.025854824110865593,3293,GGCAGG,0.07797664403915405,False,True,True,0.0025004632771015167,GCGGGCAGGGCTGCAACCC
3,4,48,mlp,recovery,0.015625,0.0642121434211731,3293,GGCAGG,4.2265625,3323,GGCGAG,4.30859375,3323,GGCGAG,4.30859375,3293,GGCAGG,0.07720493525266647,3323,GGCGAG,0.025898722931742668,3293,GGCAGG,0.07720493525266647,False,True,True,0.0015117153525352478,GCGGGCAGGGCTGCAACCC
3,5,48,mlp,recovery,0.03125,0.05454254150390625,3293,GGCAGG,4.2265625,3323,GGCGAG,4.3046875,3323,GGCGAG,4.3046875,3293,GGCAGG,0.07669082283973694,3323,GGCGAG,0.025587283074855804,3293,GGCAGG,0.07669082283973694,False,True,True,0.0022367388010025024,GCGGGCAGGGCTGCAACCC
3,6,48,mlp,recovery,0.03125,0.045374512672424316,3293,GGCAGG,4.2265625,3323,GGCGAG,4.3046875,3323,GGCGAG,4.3046875,3293,GGCAGG,0.07662555575370789,3323,GGCGAG,0.025714175775647163,3293,GGCAGG,0.07662555575370789,False,True,True,0.000992361456155777,GCGGGCAGGGCTGCAACCC
3,7,48,mlp,recovery,0.03125,0.03172874450683594,3293,GGCAGG,4.22265625,3323,GGCGAG,4.30078125,3323,GGCGAG,4.30078125,3293,GGCAGG,0.07626097649335861,3323,GGCGAG,0.025635603815317154,3293,GGCAGG,0.07626097649335861,False,True,True,0.0009928420186042786,GCGGGCAGGGCTGCAACCC
3,8,48,mlp,recovery,0.015625,0.029651522636413574,3293,GGCAGG,4.21875,3323,GGCGAG,4.30078125,3323,GGCGAG,4.30078125,3293,GGCAGG,0.07607157528400421,3323,GGCGAG,0.02548973821103573,3293,GGCAGG,0.07607157528400421,False,True,True,-0.0003000609576702118,CGGGCAGGGCTGCAACCC
3,9,48,mlp,recovery,-0.015625,-0.029835104942321777,3293,GGCAGG,4.2109375,3323,GGCGAG,4.30078125,3323,GGCGAG,4.30078125,3293,GGCAGG,0.07494071125984192,3323,GGCGAG,0.025605689734220505,3293,GGCAGG,0.07494071125984192,False,True,True,-0.000574011355638504,CGGGCAGGGCTGCAACCC
3,10,48,mlp,recovery,0.0,-0.013424158096313477,3293,GGCAGG,4.21484375,3323,GGCGAG,4.30078125,3323,GGCGAG,4.30078125,3293,GGCAGG,0.0754835307598114,3323,GGCGAG,0.025804540142416954,3293,GGCAGG,0.0754835307598114,False,True,True,-0.0006291903555393219,GCGGGCAGGGCTGCAACCC
3,11,48,mlp,recovery,0.015625,0.05427253246307373,3293,GGCAGG,4.2265625,3323,GGCGAG,4.30859375,3323,GGCGAG,4.30859375,3293,GGCAGG,0.07687723636627197,3323,GGCGAG,0.025779355317354202,3293,GGCAGG,0.07687723636627197,False,True,True,-0.0002267099916934967,GCGGGCAGGGCTGCAACCC
3,12,48,mlp,recovery,0.015625,0.000852048397064209,3293,GGCAGG,4.21875,3323,GGCGAG,4.30078125,3323,GGCGAG,4.30078125,3293,GGCAGG,0.07559694349765778,3323,GGCGAG,0.02561873197555542,3293,GGCAGG,0.07559694349765778,False,True,True,-0.002065960317850113,GCGGGCAGGGCTGCAACCC
3,13,48,mlp,recovery,0.03125,0.046051859855651855,3293,GGCAGG,4.2265625,3323,GGCGAG,4.3046875,3323,GGCGAG,4.3046875,3293,GGCAGG,0.07670371979475021,3323,GGCGAG,0.025778140872716904,3293,GGCAGG,0.07670371979475021,False,True,True,-0.00038446858525276184,GCGGGCAGGGCTGCAACCC
3,14,48,mlp,recovery,0.046875,0.023337602615356445,3293,GGCAGG,4.2265625,3323,GGCGAG,4.30078125,3323,GGCGAG,4.30078125,3293,GGCAGG,0.07602483779191971,3323,GGCGAG,0.025575341656804085,3293,GGCAGG,0.07602483779191971,False,True,True,-0.0029249675571918488,GCGGGCAGGGCTGCAACCC
3,15,48,mlp,recovery,0.03125,-0.09560835361480713,3293,GGCAGG,4.203125,3323,GGCGAG,4.28125,3323,GGCGAG,4.28125,3293,GGCAGG,0.07338151335716248,3323,GGCGAG,0.025425070896744728,3293,GGCAGG,0.07338151335716248,False,True,True,-0.01674635522067547,CGGGCAGGGCTGCAACCC
3,16,48,mlp,recovery,-0.046875,-0.2827465534210205,3293,GGCAGG,4.1875,3323,GGCGAG,4.28515625,3323,GGCGAG,4.28515625,3293,GGCAGG,0.06934262067079544,3323,GGCGAG,0.025308510288596153,3293,GGCAGG,0.06934262067079544,False,True,True,-0.017090193927288055,CGGGCAGGGCTGCAACCC
3,17,48,mlp,recovery,-0.15625,-0.4070035219192505,3293,GGCAGG,4.171875,3323,GGCGAG,4.296875,3323,GGCGAG,4.296875,3293,GGCAGG,0.0668325275182724,3323,GGCGAG,0.025402793660759926,3293,GGCAGG,0.0668325275182724,False,True,True,-0.0180288627743721,CGGGCAGGGCTGCAACCC
3,18,48,mlp,recovery,-0.09375,-0.3129429817199707,3293,GGCAGG,4.19140625,3323,GGCGAG,4.30078125,3323,GGCGAG,4.30078125,3293,GGCAGG,0.06877223402261734,3323,GGCGAG,0.02537102997303009,3293,GGCAGG,0.06877223402261734,False,True,True,-0.00963863730430603,CGGGCAGGGCTGCAACCC
3,19,48,mlp,recovery,0.0,-0.06466495990753174,3293,GGCAGG,4.21484375,3323,GGCGAG,4.30078125,3323,GGCGAG,4.30078125,3293,GGCAGG,0.07416806370019913,3323,GGCGAG,0.025563063099980354,3293,GGCAGG,0.07416806370019913,False,True,True,-0.006067540496587753,GCGGGCAGGGCTGCAACCC
3,20,48,mlp,recovery,0.046875,0.024681806564331055,3293,GGCAGG,4.21875,3323,GGCGAG,4.29296875,3323,GGCGAG,4.29296875,3293,GGCAGG,0.07620725780725479,3323,GGCGAG,0.02572958543896675,3293,GGCAGG,0.07620725780725479,False,True,True,-0.0019197724759578705,GCGGGCAGGGCTGCAACCC
3,21,48,mlp,recovery,0.21875,0.3376985788345337,3293,GGCAGG,4.28125,3323,GGCGAG,4.3125,3323,GGCGAG,4.3125,3293,GGCAGG,0.08236326277256012,3323,GGCGAG,0.025324897840619087,3293,GGCAGG,0.08236326277256012,False,True,True,0.0010454729199409485,GCGGGCAGGGCTGCAACCC
3,22,48,mlp,recovery,0.1875,0.3523927927017212,3293,GGCAGG,4.2890625,3323,GGCGAG,4.328125,3323,GGCGAG,4.328125,3293,GGCAGG,0.08282201737165451,3323,GGCGAG,0.025475667789578438,3293,GGCAGG,0.08282201737165451,False,True,True,0.00472017377614975,GCGGGCAGGGCTGCAACCC
3,23,48,mlp,recovery,0.25,0.41558682918548584,3293,GGCAGG,4.30078125,3323,GGCGAG,4.32421875,3323,GGCGAG,4.32421875,3293,GGCAGG,0.08380379527807236,3323,GGCGAG,0.02513292245566845,3293,GGCAGG,0.08380379527807236,False,True,True,0.0035379715263843536,GCGGGCAGGGCTGCAACCC
3,24,48,mlp,recovery,0.078125,0.04199427366256714,3293,GGCAGG,4.23046875,3323,GGCGAG,4.296875,3323,GGCGAG,4.296875,3293,GGCAGG,0.07628563791513443,3323,GGCGAG,0.025445105507969856,3293,GGCAGG,0.07628563791513443,False,True,True,-0.0010070540010929108,GCGGGCAGGGCTGCAACCC
3,25,48,mlp,recovery,0.078125,-0.006721615791320801,3293,GGCAGG,4.21875,3323,GGCGAG,4.28515625,3323,GGCGAG,4.28515625,3293,GGCAGG,0.07514640688896179,3323,GGCGAG,0.025326935574412346,3293,GGCAGG,0.07514640688896179,False,True,True,-0.0032311342656612396,CGGGCAGGGCTGCAACCC
3,26,48,mlp,recovery,0.078125,0.05157184600830078,3293,GGCAGG,4.2265625,3323,GGCGAG,4.29296875,3323,GGCGAG,4.29296875,3293,GGCAGG,0.07642494142055511,3323,GGCGAG,0.025383666157722473,3293,GGCAGG,0.07642494142055511,False,True,True,-0.002083156257867813,CGGGCAGGGCTGCAACCC
3,27,48,mlp,recovery,-0.03125,-0.05220139026641846,3293,GGCAGG,4.20703125,3323,GGCGAG,4.30078125,3323,GGCGAG,4.30078125,3293,GGCAGG,0.0746416300535202,3323,GGCGAG,0.025775397196412086,3293,GGCAGG,0.0746416300535202,False,True,True,0.000519193708896637,CGGGCAGGGCTGCAACCC
3,28,48,mlp,recovery,-0.0625,-0.07364225387573242,3293,GGCAGG,4.2109375,3323,GGCGAG,4.3125,3323,GGCGAG,4.3125,3293,GGCAGG,0.07449427992105484,3323,GGCGAG,0.02607743814587593,3293,GGCAGG,0.07449427992105484,False,True,True,0.0016749799251556396,CGGGCAGGGCTGCAACCC
3,29,48,mlp,recovery,-0.09375,-0.12067806720733643,3293,GGCAGG,4.203125,3323,GGCGAG,4.3125,3323,GGCGAG,4.3125,3293,GGCAGG,0.07355159521102905,3323,GGCGAG,0.02612060308456421,3293,GGCAGG,0.07355159521102905,False,True,True,0.0012944899499416351,CGGGCAGGGCTGCAACCC
3,30,48,mlp,recovery,0.15625,0.17439305782318115,3293,GGCAGG,4.265625,3323,GGCGAG,4.3125,3323,GGCGAG,4.3125,3293,GGCAGG,0.07882941514253616,3323,GGCGAG,0.02521386183798313,3293,GGCAGG,0.07882941514253616,False,True,True,0.000558800995349884,GCGGGCAGGGCTGCAACCC
3,31,48,mlp,recovery,0.171875,0.2762297987937927,3293,GGCAGG,4.28125,3323,GGCGAG,4.32421875,3323,GGCGAG,4.32421875,3293,GGCAGG,0.08087462931871414,3323,GGCGAG,0.025124620646238327,3293,GGCAGG,0.08087462931871414,False,True,True,0.0025591030716896057,GCGGGCAGGGCTGCAACCC
4,0,48,mlp,recovery,-0.015625,-0.006819367408752441,3293,GGCAGG,4.21875,3323,GGCGAG,4.30859375,3323,GGCGAG,4.30859375,3293,GGCAGG,0.07598034292459488,3323,GGCGAG,0.026162924244999886,3293,GGCAGG,0.07598034292459488,False,True,True,0.0048940591514110565,GCGGGCAGGGCTGCAACCC
4,1,48,mlp,recovery,0.015625,0.0421450138092041,3293,GGCAGG,4.2265625,3323,GGCGAG,4.30859375,3323,GGCGAG,4.30859375,3293,GGCAGG,0.07681784778833389,3323,GGCGAG,0.025974154472351074,3293,GGCAGG,0.07681784778833389,False,True,True,0.004536721855401993,GCGGGCAGGGCTGCAACCC
4,2,48,mlp,recovery,0.0,0.048538923263549805,3293,GGCAGG,4.2265625,3323,GGCGAG,4.3125,3323,GGCGAG,4.3125,3293,GGCAGG,0.07714197784662247,3323,GGCGAG,0.02616427093744278,3293,GGCAGG,0.07714197784662247,False,True,True,0.0035888105630874634,GCGGGCAGGGCTGCAACCC
4,3,48,mlp,recovery,0.0,0.020862042903900146,3293,GGCAGG,4.22265625,3323,GGCGAG,4.30859375,3323,GGCGAG,4.30859375,3293,GGCAGG,0.07625101506710052,3323,GGCGAG,0.02585340291261673,3293,GGCAGG,0.07625101506710052,False,True,True,7.842481136322021e-05,GCGGGCAGGGCTGCAACCC
4,4,48,mlp,recovery,0.0,0.04889136552810669,3293,GGCAGG,4.2265625,3323,GGCGAG,4.3125,3323,GGCGAG,4.3125,3293,GGCAGG,0.07693325728178024,3323,GGCGAG,0.025948163121938705,3293,GGCAGG,0.07693325728178024,False,True,True,0.0013466663658618927,GCGGGCAGGGCTGCAACCC
4,5,48,mlp,recovery,0.015625,0.06611764430999756,3293,GGCAGG,4.23046875,3323,GGCGAG,4.3125,3323,GGCGAG,4.3125,3293,GGCAGG,0.07715938985347748,3323,GGCGAG,0.025813240557909012,3293,GGCAGG,0.07715938985347748,False,True,True,0.0014636591076850891,GCGGGCAGGGCTGCAACCC
4,6,48,mlp,recovery,0.0625,0.10168671607971191,3293,GGCAGG,4.234375,3323,GGCGAG,4.3046875,3323,GGCGAG,4.3046875,3293,GGCAGG,0.07777057588100433,3323,GGCGAG,0.025678914040327072,3293,GGCAGG,0.07777057588100433,False,True,True,0.0018796473741531372,GCGGGCAGGGCTGCAACCC
4,7,48,mlp,recovery,0.0625,0.08947652578353882,3293,GGCAGG,4.234375,3323,GGCGAG,4.3046875,3323,GGCGAG,4.3046875,3293,GGCAGG,0.0775797963142395,3323,GGCGAG,0.025744054466485977,3293,GGCAGG,0.0775797963142395,False,True,True,0.002818278968334198,GCGGGCAGGGCTGCAACCC
4,8,48,mlp,recovery,0.0625,0.07978683710098267,3293,GGCAGG,4.23046875,3323,GGCGAG,4.30078125,3323,GGCGAG,4.30078125,3293,GGCAGG,0.0774068757891655,3323,GGCGAG,0.02577422559261322,3293,GGCAGG,0.0774068757891655,False,True,True,0.0029084570705890656,GCGGGCAGGGCTGCAACCC
4,9,48,mlp,recovery,0.0625,0.07664763927459717,3293,GGCAGG,4.23046875,3323,GGCGAG,4.30078125,3323,GGCGAG,4.30078125,3293,GGCAGG,0.07729704678058624,3323,GGCGAG,0.0257301926612854,3293,GGCAGG,0.07729704678058624,False,True,True,0.0029469355940818787,GCGGGCAGGGCTGCAACCC
4,10,48,mlp,recovery,0.046875,0.07055556774139404,3293,GGCAGG,4.23046875,3323,GGCGAG,4.3046875,3323,GGCGAG,4.3046875,3293,GGCAGG,0.07714560627937317,3323,GGCGAG,0.025706442072987556,3293,GGCAGG,0.07714560627937317,False,True,True,0.0015510879456996918,GCGGGCAGGGCTGCAACCC
4,11,48,mlp,recovery,0.015625,0.04056990146636963,3293,GGCAGG,4.22265625,3323,GGCGAG,4.3046875,3323,GGCGAG,4.3046875,3293,GGCAGG,0.07653006911277771,3323,GGCGAG,0.02571939118206501,3293,GGCAGG,0.07653006911277771,False,True,True,-0.000399906188249588,GCGGGCAGGGCTGCAACCC
4,12,48,mlp,recovery,0.03125,0.04319971799850464,3293,GGCAGG,4.22265625,3323,GGCGAG,4.30078125,3323,GGCGAG,4.30078125,3293,GGCAGG,0.0764334499835968,3323,GGCGAG,0.02556765079498291,3293,GGCAGG,0.0764334499835968,False,True,True,-0.0009249374270439148,GCGGGCAGGGCTGCAACCC
4,13,48,mlp,recovery,0.03125,0.05287003517150879,3293,GGCAGG,4.2265625,3323,GGCGAG,4.3046875,3323,GGCGAG,4.3046875,3293,GGCAGG,0.0766933411359787,3323,GGCGAG,0.025624854490160942,3293,GGCAGG,0.0766933411359787,False,True,True,-0.002295602113008499,GCGGGCAGGGCTGCAACCC
4,14,48,mlp,recovery,0.078125,0.0991750955581665,3293,GGCAGG,4.234375,3323,GGCGAG,4.30078125,3323,GGCGAG,4.30078125,3293,GGCAGG,0.07739335298538208,3323,GGCGAG,0.025354331359267235,3293,GGCAGG,0.07739335298538208,False,True,True,-0.006974503397941589,GCGGGCAGGGCTGCAACCC
4,15,48,mlp,recovery,0.078125,0.01224607229232788,3293,GGCAGG,4.21875,3323,GGCGAG,4.28515625,3323,GGCGAG,4.28515625,3293,GGCAGG,0.075345478951931,3323,GGCGAG,0.025128452107310295,3293,GGCAGG,0.075345478951931,False,True,True,-0.014919746667146683,GCGGGCAGGGCTGCAACCC
4,16,48,mlp,recovery,0.0625,-0.05594182014465332,3293,GGCAGG,4.20703125,3323,GGCGAG,4.27734375,3323,GGCGAG,4.27734375,3293,GGCAGG,0.07373645156621933,3323,GGCGAG,0.024948615580797195,3293,GGCAGG,0.07373645156621933,False,True,True,-0.01679491437971592,GCGGGCAGGGCTGCAACCC
4,17,48,mlp,recovery,-0.078125,-0.30915367603302,3293,GGCAGG,4.17578125,3323,GGCGAG,4.28125,3323,GGCGAG,4.28125,3293,GGCAGG,0.06858547776937485,3323,GGCGAG,0.02510484866797924,3293,GGCAGG,0.06858547776937485,False,True,True,-0.016435684636235237,CGGGCAGGGCTGCAACCC
4,18,48,mlp,recovery,-0.046875,-0.1825263500213623,3293,GGCAGG,4.20703125,3323,GGCGAG,4.3046875,3323,GGCGAG,4.3046875,3293,GGCAGG,0.07218528538942337,3323,GGCGAG,0.02605060487985611,3293,GGCAGG,0.07218528538942337,False,True,True,-0.005649343132972717,CGGGCAGGGCTGCAACCC
4,19,48,mlp,recovery,-0.015625,-0.10340940952301025,3293,GGCAGG,4.2109375,3323,GGCGAG,4.30078125,3323,GGCGAG,4.30078125,3293,GGCAGG,0.07390042394399643,3323,GGCGAG,0.026107486337423325,3293,GGCAGG,0.07390042394399643,False,True,True,0.00027662143111228943,CGGGCAGGGCTGCAACCC
4,20,48,mlp,recovery,0.25,0.31098395586013794,3293,GGCAGG,4.265625,3323,GGCGAG,4.2890625,3323,GGCGAG,4.2890625,3293,GGCAGG,0.08142862468957901,3323,GGCGAG,0.0249501820653677,3293,GGCAGG,0.08142862468957901,False,True,True,0.002790220081806183,GCGGGCAGGGCTGCAACCC
4,21,48,mlp,recovery,0.25,0.2815878391265869,3293,GGCAGG,4.265625,3323,GGCGAG,4.2890625,3323,GGCGAG,4.2890625,3293,GGCAGG,0.08072086423635483,3323,GGCGAG,0.02485855296254158,3293,GGCAGG,0.08072086423635483,False,True,True,-0.0010114088654518127,GCGGGCAGGGCTGCAACCC
4,22,48,mlp,recovery,0.25,0.2871583104133606,3293,GGCAGG,4.2734375,3323,GGCGAG,4.296875,3323,GGCGAG,4.296875,3293,GGCAGG,0.08092585951089859,3323,GGCGAG,0.024946795776486397,3293,GGCAGG,0.08092585951089859,False,True,True,0.0011621639132499695,GCGGGCAGGGCTGCAACCC
4,23,48,mlp,recovery,0.0,0.030500411987304688,3293,GGCAGG,4.234375,3323,GGCGAG,4.3203125,3323,GGCGAG,4.3203125,3293,GGCAGG,0.07709434628486633,3323,GGCGAG,0.026494719088077545,3293,GGCAGG,0.07709434628486633,False,True,True,0.005988709628582001,GCGGGCAGGGCTGCAACCC
4,24,48,mlp,recovery,-0.09375,-0.01532590389251709,3293,GGCAGG,4.21484375,3323,GGCGAG,4.32421875,3323,GGCGAG,4.32421875,3293,GGCAGG,0.07622481882572174,3323,GGCGAG,0.026585690677165985,3293,GGCAGG,0.07622481882572174,False,True,True,0.009607803076505661,CGGGCAGGGCTGCAACCC
4,25,48,mlp,recovery,-0.0625,-0.06103110313415527,3293,GGCAGG,4.203125,3323,GGCGAG,4.3046875,3323,GGCGAG,4.3046875,3293,GGCAGG,0.0749126672744751,3323,GGCGAG,0.02623150125145912,3293,GGCAGG,0.0749126672744751,False,True,True,0.0031638815999031067,CGGGCAGGGCTGCAACCC
4,26,48,mlp,recovery,0.0625,0.06567239761352539,3293,GGCAGG,4.21484375,3323,GGCGAG,4.28515625,3323,GGCGAG,4.28515625,3293,GGCAGG,0.07656767964363098,3323,GGCGAG,0.025230862200260162,3293,GGCAGG,0.07656767964363098,False,True,True,0.003077823668718338,CGGGCAGGGCTGCAACCC
4,27,48,mlp,recovery,0.03125,0.016213536262512207,3293,GGCAGG,4.2109375,3323,GGCGAG,4.2890625,3323,GGCGAG,4.2890625,3293,GGCAGG,0.0753478929400444,3323,GGCGAG,0.02504771389067173,3293,GGCAGG,0.0753478929400444,False,True,True,-0.0005019530653953552,CGGGCAGGGCTGCAACCC
4,28,48,mlp,recovery,0.0625,0.03986072540283203,3293,GGCAGG,4.21875,3323,GGCGAG,4.2890625,3323,GGCGAG,4.2890625,3293,GGCAGG,0.07601474970579147,3323,GGCGAG,0.025218935683369637,3293,GGCAGG,0.07601474970579147,False,True,True,0.0015340782701969147,CGGGCAGGGCTGCAACCC
4,29,48,mlp,recovery,0.03125,0.017240464687347412,3293,GGCAGG,4.22265625,3323,GGCGAG,4.30078125,3323,GGCGAG,4.30078125,3293,GGCAGG,0.07575440406799316,3323,GGCGAG,0.025432700291275978,3293,GGCAGG,0.07575440406799316,False,True,True,0.001604374498128891,CGGGCAGGGCTGCAACCC
4,30,48,mlp,recovery,0.234375,0.2215580940246582,3293,GGCAGG,4.26171875,3323,GGCGAG,4.2890625,3323,GGCGAG,4.2890625,3293,GGCAGG,0.07942431420087814,3323,GGCGAG,0.024820202961564064,3293,GGCAGG,0.07942431420087814,False,True,True,-0.0010014288127422333,GCGGGCAGGGCTGCAACCC
4,31,48,mlp,recovery,0.234375,0.24763619899749756,3293,GGCAGG,4.26953125,3323,GGCGAG,4.296875,3323,GGCGAG,4.296875,3293,GGCAGG,0.08014659583568573,3323,GGCGAG,0.024995896965265274,3293,GGCAGG,0.08014659583568573,False,True,True,-0.002699807286262512,GCGGGCAGGGCTGCAACCC
5,0,48,mlp,recovery,-0.15625,-0.18546605110168457,3293,GGCAGG,4.18359375,3323,GGCGAG,4.30859375,3323,GGCGAG,4.30859375,3293,GGCAGG,0.07238178700208664,3323,GGCGAG,0.02630872279405594,3293,GGCAGG,0.07238178700208664,False,True,True,-0.0007440075278282166,CGGGCAGGGCTGCAACCC
5,1,48,mlp,recovery,-0.140625,-0.15698909759521484,3293,GGCAGG,4.1875,3323,GGCGAG,4.30859375,3323,GGCGAG,4.30859375,3293,GGCAGG,0.07295305281877518,3323,GGCGAG,0.026283124461770058,3293,GGCAGG,0.07295305281877518,False,True,True,-0.0005828104913234711,CGGGCAGGGCTGCAACCC
5,2,48,mlp,recovery,0.0,0.06226515769958496,3293,GGCAGG,4.2265625,3323,GGCGAG,4.3125,3323,GGCGAG,4.3125,3293,GGCAGG,0.07715839147567749,3323,GGCGAG,0.025892987847328186,3293,GGCAGG,0.07715839147567749,False,True,True,0.0023563355207443237,GCGGGCAGGGCTGCAACCC
5,3,48,mlp,recovery,0.0,0.05128014087677002,3293,GGCAGG,4.2265625,3323,GGCGAG,4.3125,3323,GGCGAG,4.3125,3293,GGCAGG,0.07687708735466003,3323,GGCGAG,0.02584192529320717,3293,GGCAGG,0.07687708735466003,False,True,True,0.00026121363043785095,GCGGGCAGGGCTGCAACCC
5,4,48,mlp,recovery,0.0,0.01626455783843994,3293,GGCAGG,4.22265625,3323,GGCGAG,4.30859375,3323,GGCGAG,4.30859375,3293,GGCAGG,0.07603030651807785,3323,GGCGAG,0.02572905644774437,3293,GGCAGG,0.07603030651807785,False,True,True,0.0004660263657569885,GCGGGCAGGGCTGCAACCC
5,5,48,mlp,recovery,0.03125,0.05272853374481201,3293,GGCAGG,4.2265625,3323,GGCGAG,4.3046875,3323,GGCGAG,4.3046875,3293,GGCAGG,0.07674121111631393,3323,GGCGAG,0.025675693526864052,3293,GGCAGG,0.07674121111631393,False,True,True,0.001161925494670868,GCGGGCAGGGCTGCAACCC
5,6,48,mlp,recovery,0.078125,0.1032671332359314,3293,GGCAGG,4.234375,3323,GGCGAG,4.30078125,3323,GGCGAG,4.30078125,3293,GGCAGG,0.07776158303022385,3323,GGCGAG,0.025636795908212662,3293,GGCAGG,0.07776158303022385,False,True,True,0.0009117312729358673,GCGGGCAGGGCTGCAACCC
5,7,48,mlp,recovery,0.0625,0.09378504753112793,3293,GGCAGG,4.23046875,3323,GGCGAG,4.30078125,3323,GGCGAG,4.30078125,3293,GGCAGG,0.0775279849767685,3323,GGCGAG,0.025601940229535103,3293,GGCAGG,0.0775279849767685,False,True,True,0.0013499408960342407,GCGGGCAGGGCTGCAACCC
5,8,48,mlp,recovery,0.046875,0.07658225297927856,3293,GGCAGG,4.23046875,3323,GGCGAG,4.3046875,3323,GGCGAG,4.3046875,3293,GGCAGG,0.07733740657567978,3323,GGCGAG,0.02577192522585392,3293,GGCAGG,0.07733740657567978,False,True,True,0.001746736466884613,GCGGGCAGGGCTGCAACCC
5,9,48,mlp,recovery,0.046875,0.0639643669128418,3293,GGCAGG,4.2265625,3323,GGCGAG,4.30078125,3323,GGCGAG,4.30078125,3293,GGCAGG,0.07692199945449829,3323,GGCGAG,0.02562098205089569,3293,GGCAGG,0.07692199945449829,False,True,True,0.0024974457919597626,GCGGGCAGGGCTGCAACCC
5,10,48,mlp,recovery,0.03125,0.050360023975372314,3293,GGCAGG,4.2265625,3323,GGCGAG,4.3046875,3323,GGCGAG,4.3046875,3293,GGCAGG,0.07675030827522278,3323,GGCGAG,0.0257344339042902,3293,GGCAGG,0.07675030827522278,False,True,True,0.0012199394404888153,GCGGGCAGGGCTGCAACCC
5,11,48,mlp,recovery,0.03125,0.0012086033821105957,3293,GGCAGG,4.22265625,3323,GGCGAG,4.30078125,3323,GGCGAG,4.30078125,3293,GGCAGG,0.07558225095272064,3323,GGCGAG,0.025596564635634422,3293,GGCAGG,0.07558225095272064,False,True,True,-0.0010751895606517792,GCGGGCAGGGCTGCAACCC
5,12,48,mlp,recovery,0.0,-0.028461694717407227,3293,GGCAGG,4.21484375,3323,GGCGAG,4.30078125,3323,GGCGAG,4.30078125,3293,GGCAGG,0.07494290918111801,3323,GGCGAG,0.025579102337360382,3293,GGCAGG,0.07494290918111801,False,True,True,-0.001874532550573349,CGGGCAGGGCTGCAACCC
5,13,48,mlp,recovery,0.03125,0.007377147674560547,3293,GGCAGG,4.21484375,3323,GGCGAG,4.29296875,3323,GGCGAG,4.29296875,3293,GGCAGG,0.07573810964822769,3323,GGCGAG,0.02562313713133335,3293,GGCAGG,0.07573810964822769,False,True,True,-0.0024928897619247437,GCGGGCAGGGCTGCAACCC
5,14,48,mlp,recovery,0.0,-0.04548072814941406,3293,GGCAGG,4.203125,3323,GGCGAG,4.2890625,3323,GGCGAG,4.2890625,3293,GGCAGG,0.07455018162727356,3323,GGCGAG,0.0255430880934,3293,GGCAGG,0.07455018162727356,False,True,True,-0.006115265190601349,CGGGCAGGGCTGCAACCC
5,15,48,mlp,recovery,-0.078125,-0.20513975620269775,3293,GGCAGG,4.16796875,3323,GGCGAG,4.2734375,3323,GGCGAG,4.2734375,3293,GGCAGG,0.07076658308506012,3323,GGCGAG,0.025105871260166168,3293,GGCAGG,0.07076658308506012,False,True,True,-0.014971252530813217,CGGGCAGGGCTGCAACCC
5,16,48,mlp,recovery,-0.203125,-0.4247424602508545,3293,GGCAGG,4.1328125,3323,GGCGAG,4.26953125,3323,GGCGAG,4.26953125,3293,GGCAGG,0.06589145213365555,3323,GGCGAG,0.024833517149090767,3293,GGCAGG,0.06589145213365555,False,True,True,-0.018385030329227448,CGGGCAGGGCTGCAACCC
5,17,48,mlp,recovery,-0.375,-0.6377613544464111,3293,GGCAGG,4.08984375,3323,GGCGAG,4.26953125,3323,GGCGAG,4.26953125,3293,GGCAGG,0.06148189678788185,3323,GGCGAG,0.024888742715120316,3293,GGCAGG,0.06148189678788185,False,True,True,-0.01753396727144718,CGGGCAGGGCTGCAACCC
5,18,48,mlp,recovery,-0.265625,-0.4669613838195801,3293,GGCAGG,4.140625,3323,GGCGAG,4.29296875,3323,GGCGAG,4.29296875,3293,GGCAGG,0.06562967598438263,3323,GGCGAG,0.025456631556153297,3293,GGCAGG,0.06562967598438263,False,True,True,-0.012062344700098038,CGGGCAGGGCTGCAACCC
5,19,48,mlp,recovery,-0.25,-0.3520263433456421,3293,GGCAGG,4.15625,3323,GGCGAG,4.3046875,3323,GGCGAG,4.3046875,3293,GGCAGG,0.06891830265522003,3323,GGCGAG,0.026336265727877617,3293,GGCAGG,0.06891830265522003,False,True,True,-0.005150146782398224,CGGGCAGGGCTGCAACCC
5,20,48,mlp,recovery,-0.046875,-0.11748600006103516,3293,GGCAGG,4.19921875,3323,GGCGAG,4.296875,3323,GGCGAG,4.296875,3293,GGCAGG,0.07414358854293823,3323,GGCGAG,0.026645690202713013,3293,GGCAGG,0.07414358854293823,False,True,True,-0.0014361217617988586,CGGGCAGGGCTGCAACCC
5,21,48,mlp,recovery,-0.03125,-0.10193753242492676,3293,GGCAGG,4.19921875,3323,GGCGAG,4.29296875,3323,GGCGAG,4.29296875,3293,GGCAGG,0.07434793561697006,3323,GGCGAG,0.026524148881435394,3293,GGCAGG,0.07434793561697006,False,True,True,-0.0018352903425693512,CGGGCAGGGCTGCAACCC
5,22,48,mlp,recovery,-0.046875,-0.1373608112335205,3293,GGCAGG,4.203125,3323,GGCGAG,4.30078125,3323,GGCGAG,4.30078125,3293,GGCAGG,0.07352355122566223,3323,GGCGAG,0.02644222229719162,3293,GGCAGG,0.07352355122566223,False,True,True,-0.002742290496826172,CGGGCAGGGCTGCAACCC
5,23,48,mlp,recovery,-0.046875,-0.08802533149719238,3293,GGCAGG,4.21484375,3323,GGCGAG,4.3125,3323,GGCGAG,4.3125,3293,GGCAGG,0.07426243275403976,3323,GGCGAG,0.02614705264568329,3293,GGCAGG,0.07426243275403976,False,True,True,0.004005447030067444,CGGGCAGGGCTGCAACCC
5,24,48,mlp,recovery,0.015625,-0.020543932914733887,3293,GGCAGG,4.22265625,3323,GGCGAG,4.3046875,3323,GGCGAG,4.3046875,3293,GGCAGG,0.07539387047290802,3323,GGCGAG,0.02586411125957966,3293,GGCAGG,0.07539387047290802,False,True,True,0.004200909286737442,CGGGCAGGGCTGCAACCC
5,25,48,mlp,recovery,0.078125,0.09357744455337524,3293,GGCAGG,4.234375,3323,GGCGAG,4.30078125,3323,GGCGAG,4.30078125,3293,GGCAGG,0.07719936221837997,3323,GGCGAG,0.02527766488492489,3293,GGCAGG,0.07719936221837997,False,True,True,0.0034803710877895355,CGGGCAGGGCTGCAACCC
5,26,48,mlp,recovery,0.0625,0.15125280618667603,3293,GGCAGG,4.234375,3323,GGCGAG,4.3046875,3323,GGCGAG,4.3046875,3293,GGCAGG,0.07838446646928787,3323,GGCGAG,0.02525392174720764,3293,GGCAGG,0.07838446646928787,False,True,True,0.0007890462875366211,CGGGCAGGGCTGCAACCC
5,27,48,mlp,recovery,-0.015625,0.03677767515182495,3293,GGCAGG,4.21484375,3323,GGCGAG,4.3046875,3323,GGCGAG,4.3046875,3293,GGCAGG,0.07571271061897278,3323,GGCGAG,0.024981511756777763,3293,GGCAGG,0.07571271061897278,False,True,True,0.0007389821112155914,CGGGCAGGGCTGCAACCC
5,28,48,mlp,recovery,-0.015625,0.07874035835266113,3293,GGCAGG,4.21875,3323,GGCGAG,4.30859375,3323,GGCGAG,4.30859375,3293,GGCAGG,0.07687141746282578,3323,GGCGAG,0.025260699912905693,3293,GGCAGG,0.07687141746282578,False,True,True,0.003731396049261093,CGGGCAGGGCTGCAACCC
5,29,48,mlp,recovery,-0.046875,-0.017223477363586426,3293,GGCAGG,4.21484375,3323,GGCGAG,4.3125,3323,GGCGAG,4.3125,3293,GGCAGG,0.07518535852432251,3323,GGCGAG,0.025586001574993134,3293,GGCAGG,0.07518535852432251,False,True,True,0.002194087952375412,CGGGCAGGGCTGCAACCC
5,30,48,mlp,recovery,-0.078125,-0.05354750156402588,3293,GGCAGG,4.20703125,3323,GGCGAG,4.3125,3323,GGCGAG,4.3125,3293,GGCAGG,0.07503636926412582,3323,GGCGAG,0.02619835175573826,3293,GGCAGG,0.07503636926412582,False,True,True,-0.0006414316594600677,CGGGCAGGGCTGCAACCC
5,31,48,mlp,recovery,-0.203125,-0.21941030025482178,3293,GGCAGG,4.17578125,3323,GGCGAG,4.3125,3323,GGCGAG,4.3125,3293,GGCAGG,0.07187157869338989,3323,GGCGAG,0.026509972289204597,3293,GGCAGG,0.07187157869338989,False,True,True,-0.002503480762243271,CGGGCAGGGCTGCAACCC
6,0,48,mlp,recovery,-0.296875,-0.35334205627441406,3293,GGCAGG,4.1640625,3323,GGCGAG,4.32421875,3323,GGCGAG,4.32421875,3293,GGCAGG,0.0698755756020546,3323,GGCGAG,0.027321118861436844,3293,GGCAGG,0.0698755756020546,False,True,True,-0.0006016194820404053,CGGGCAGGGCTGCAACCC
6,1,48,mlp,recovery,-0.296875,-0.3478817939758301,3293,GGCAGG,4.1640625,3323,GGCGAG,4.32421875,3323,GGCGAG,4.32421875,3293,GGCAGG,0.0700148269534111,3323,GGCGAG,0.027345925569534302,3293,GGCAGG,0.0700148269534111,False,True,True,0.00017776712775230408,CGGGCAGGGCTGCAACCC
6,2,48,mlp,recovery,0.0,0.05038416385650635,3293,GGCAGG,4.2265625,3323,GGCGAG,4.3125,3323,GGCGAG,4.3125,3293,GGCAGG,0.07713893800973892,3323,GGCGAG,0.026122553274035454,3293,GGCAGG,0.07713893800973892,False,True,True,0.003695707768201828,GCGGGCAGGGCTGCAACCC
6,3,48,mlp,recovery,0.0,0.03779006004333496,3293,GGCAGG,4.22265625,3323,GGCGAG,4.30859375,3323,GGCGAG,4.30859375,3293,GGCAGG,0.07657740265130997,3323,GGCGAG,0.02582498826086521,3293,GGCAGG,0.07657740265130997,False,True,True,0.0015953853726387024,GCGGGCAGGGCTGCAACCC
6,4,48,mlp,recovery,0.03125,0.07406371831893921,3293,GGCAGG,4.23046875,3323,GGCGAG,4.30859375,3323,GGCGAG,4.30859375,3293,GGCAGG,0.0774221420288086,3323,GGCGAG,0.02590944617986679,3293,GGCAGG,0.0774221420288086,False,True,True,0.0022694841027259827,GCGGGCAGGGCTGCAACCC
6,5,48,mlp,recovery,0.015625,0.006443679332733154,3293,GGCAGG,4.21875,3323,GGCGAG,4.30078125,3323,GGCGAG,4.30078125,3293,GGCAGG,0.07568847388029099,3323,GGCGAG,0.025593062862753868,3293,GGCAGG,0.07568847388029099,False,True,True,-0.00030940398573875427,GCGGGCAGGGCTGCAACCC
6,6,48,mlp,recovery,0.03125,0.057324111461639404,3293,GGCAGG,4.2265625,3323,GGCGAG,4.3046875,3323,GGCGAG,4.3046875,3293,GGCAGG,0.07669520378112793,3323,GGCGAG,0.025533363223075867,3293,GGCAGG,0.07669520378112793,False,True,True,0.00020799413323402405,GCGGGCAGGGCTGCAACCC
6,7,48,mlp,recovery,0.03125,0.03427267074584961,3293,GGCAGG,4.22265625,3323,GGCGAG,4.30078125,3323,GGCGAG,4.30078125,3293,GGCAGG,0.0762084499001503,3323,GGCGAG,0.025529755279421806,3293,GGCAGG,0.0762084499001503,False,True,True,-0.0017582699656486511,GCGGGCAGGGCTGCAACCC
6,8,48,mlp,recovery,0.046875,0.02350485324859619,3293,GGCAGG,4.22265625,3323,GGCGAG,4.296875,3323,GGCGAG,4.296875,3293,GGCAGG,0.07589241117238998,3323,GGCGAG,0.02543940767645836,3293,GGCAGG,0.07589241117238998,False,True,True,-0.0021022260189056396,GCGGGCAGGGCTGCAACCC
6,9,48,mlp,recovery,0.015625,-0.006883740425109863,3293,GGCAGG,4.21875,3323,GGCGAG,4.30078125,3323,GGCGAG,4.30078125,3293,GGCAGG,0.075319305062294,3323,GGCGAG,0.025503233075141907,3293,GGCAGG,0.075319305062294,False,True,True,-0.002027250826358795,GCGGGCAGGGCTGCAACCC
6,10,48,mlp,recovery,0.03125,0.032279908657073975,3293,GGCAGG,4.22265625,3323,GGCGAG,4.30078125,3323,GGCGAG,4.30078125,3293,GGCAGG,0.07613920420408249,3323,GGCGAG,0.0255022794008255,3293,GGCAGG,0.07613920420408249,False,True,True,0.0002632513642311096,GCGGGCAGGGCTGCAACCC
6,11,48,mlp,recovery,0.015625,0.014434397220611572,3293,GGCAGG,4.22265625,3323,GGCGAG,4.3046875,3323,GGCGAG,4.3046875,3293,GGCAGG,0.07596699148416519,3323,GGCGAG,0.025704098865389824,3293,GGCAGG,0.07596699148416519,False,True,True,0.0006337426602840424,GCGGGCAGGGCTGCAACCC
6,12,48,mlp,recovery,-0.015625,-0.03546452522277832,3293,GGCAGG,4.21484375,3323,GGCGAG,4.3046875,3323,GGCGAG,4.3046875,3293,GGCAGG,0.07511042058467865,3323,GGCGAG,0.02589338831603527,3293,GGCAGG,0.07511042058467865,False,True,True,0.00036783143877983093,GCGGGCAGGGCTGCAACCC
6,13,48,mlp,recovery,0.015625,-0.006183266639709473,3293,GGCAGG,4.2109375,3323,GGCGAG,4.29296875,3323,GGCGAG,4.29296875,3293,GGCAGG,0.07543531060218811,3323,GGCGAG,0.025604557245969772,3293,GGCAGG,0.07543531060218811,False,True,True,-0.001408848911523819,GCGGGCAGGGCTGCAACCC
6,14,48,mlp,recovery,0.03125,-0.0017029047012329102,3293,GGCAGG,4.21484375,3323,GGCGAG,4.29296875,3323,GGCGAG,4.29296875,3293,GGCAGG,0.07556029409170151,3323,GGCGAG,0.02563563361763954,3293,GGCAGG,0.07556029409170151,False,True,True,-0.005413908511400223,GCGGGCAGGGCTGCAACCC
6,15,48,mlp,recovery,0.09375,0.0791313648223877,3293,GGCAGG,4.21875,3323,GGCGAG,4.28125,3323,GGCGAG,4.28125,3293,GGCAGG,0.07680398225784302,3323,GGCGAG,0.02518506906926632,3293,GGCAGG,0.07680398225784302,False,True,True,-0.011724496260285378,GCGGGCAGGGCTGCAACCC
6,16,48,mlp,recovery,0.109375,-0.008804082870483398,3293,GGCAGG,4.20703125,3323,GGCGAG,4.265625,3323,GGCGAG,4.265625,3293,GGCAGG,0.07405943423509598,3323,GGCGAG,0.02428361214697361,3293,GGCAGG,0.07405943423509598,False,True,True,-0.018026091158390045,GCGGGCAGGGCTGCAACCC
6,17,48,mlp,recovery,0.21875,0.19241631031036377,3293,GGCAGG,4.234375,3323,GGCGAG,4.265625,3323,GGCGAG,4.265625,3293,GGCAGG,0.07770296186208725,3323,GGCGAG,0.023709647357463837,3293,GGCAGG,0.07770296186208725,False,True,True,-0.017954565584659576,GCGGGCAGGGCTGCAACCC
6,18,48,mlp,recovery,0.1875,0.1381816267967224,3293,GGCAGG,4.2421875,3323,GGCGAG,4.28125,3323,GGCGAG,4.28125,3293,GGCAGG,0.07688404619693756,3323,GGCGAG,0.024027464911341667,3293,GGCAGG,0.07688404619693756,False,True,True,-0.011446122080087662,GCGGGCAGGGCTGCAACCC
6,19,48,mlp,recovery,0.15625,0.1850338578224182,3293,GGCAGG,4.25,3323,GGCGAG,4.296875,3323,GGCGAG,4.296875,3293,GGCAGG,0.0788094773888588,3323,GGCGAG,0.024970898404717445,3293,GGCAGG,0.0788094773888588,False,True,True,-0.0014016442000865936,GCGGGCAGGGCTGCAACCC
6,20,48,mlp,recovery,0.3125,0.25454360246658325,3293,GGCAGG,4.2734375,3323,GGCGAG,4.28125,3323,GGCGAG,4.28125,3293,GGCAGG,0.08007621020078659,3323,GGCGAG,0.02478073351085186,3293,GGCAGG,0.08007621020078659,False,True,True,-0.002097632735967636,GCGGGCAGGGCTGCAACCC
6,21,48,mlp,recovery,0.234375,0.18830811977386475,3293,GGCAGG,4.26171875,3323,GGCGAG,4.2890625,3323,GGCGAG,4.2890625,3293,GGCAGG,0.07915838807821274,3323,GGCGAG,0.025251181796193123,3293,GGCAGG,0.07915838807821274,False,True,True,-0.0018570087850093842,GCGGGCAGGGCTGCAACCC
6,22,48,mlp,recovery,0.21875,0.2043101191520691,3293,GGCAGG,4.27734375,3323,GGCGAG,4.30859375,3323,GGCGAG,4.30859375,3293,GGCAGG,0.07949326932430267,3323,GGCGAG,0.025250667706131935,3293,GGCAGG,0.07949326932430267,False,True,True,0.0017802603542804718,GCGGGCAGGGCTGCAACCC
6,23,48,mlp,recovery,-0.046875,-0.034243226051330566,3293,GGCAGG,4.234375,3323,GGCGAG,4.33203125,3323,GGCGAG,4.33203125,3293,GGCAGG,0.0755234882235527,3323,GGCGAG,0.026280857622623444,3293,GGCAGG,0.0755234882235527,False,True,True,0.0033778734505176544,GCGGGCAGGGCTGCAACCC
6,24,48,mlp,recovery,0.09375,0.06603997945785522,3293,GGCAGG,4.25,3323,GGCGAG,4.3125,3323,GGCGAG,4.3125,3293,GGCAGG,0.07686733454465866,3323,GGCGAG,0.025522811338305473,3293,GGCAGG,0.07686733454465866,False,True,True,0.002597324550151825,GCGGGCAGGGCTGCAACCC
6,25,48,mlp,recovery,0.125,0.08426779508590698,3293,GGCAGG,4.234375,3323,GGCGAG,4.2890625,3323,GGCGAG,4.2890625,3293,GGCAGG,0.07674200087785721,3323,GGCGAG,0.02501543238759041,3293,GGCAGG,0.07674200087785721,False,True,True,-0.004214491695165634,GCGGGCAGGGCTGCAACCC
6,26,48,mlp,recovery,0.21875,0.23133611679077148,3293,GGCAGG,4.25,3323,GGCGAG,4.28125,3323,GGCGAG,4.28125,3293,GGCAGG,0.07893884927034378,3323,GGCGAG,0.024129793047904968,3293,GGCAGG,0.07893884927034378,False,True,True,-0.0024651996791362762,GCGGGCAGGGCTGCAACCC
6,27,48,mlp,recovery,0.203125,0.2258603572845459,3293,GGCAGG,4.2421875,3323,GGCGAG,4.27734375,3323,GGCGAG,4.27734375,3293,GGCAGG,0.07857407629489899,3323,GGCGAG,0.02387979067862034,3293,GGCAGG,0.07857407629489899,False,True,True,-0.0022417157888412476,GCGGGCAGGGCTGCAACCC
6,28,48,mlp,recovery,0.140625,0.1339433193206787,3293,GGCAGG,4.234375,3323,GGCGAG,4.28515625,3323,GGCGAG,4.28515625,3293,GGCAGG,0.07723159343004227,3323,GGCGAG,0.024463847279548645,3293,GGCAGG,0.07723159343004227,False,True,True,2.294406294822693e-05,GCGGGCAGGGCTGCAACCC
6,29,48,mlp,recovery,0.09375,0.06114012002944946,3293,GGCAGG,4.234375,3323,GGCGAG,4.296875,3323,GGCGAG,4.296875,3293,GGCAGG,0.07638305425643921,3323,GGCGAG,0.025141233578324318,3293,GGCAGG,0.07638305425643921,False,True,True,-0.00035391002893447876,GCGGGCAGGGCTGCAACCC
6,30,48,mlp,recovery,0.03125,0.0391046404838562,3293,GGCAGG,4.234375,3323,GGCGAG,4.3125,3323,GGCGAG,4.3125,3293,GGCAGG,0.07666602730751038,3323,GGCGAG,0.025886056944727898,3293,GGCAGG,0.07666602730751038,False,True,True,-0.0018933825194835663,GCGGGCAGGGCTGCAACCC
6,31,48,mlp,recovery,0.171875,0.1870049238204956,3293,GGCAGG,4.2578125,3323,GGCGAG,4.30078125,3323,GGCGAG,4.30078125,3293,GGCAGG,0.0793052390217781,3323,GGCGAG,0.025425344705581665,3293,GGCAGG,0.0793052390217781,False,True,True,-0.0024953223764896393,GCGGGCAGGGCTGCAACCC
7,0,48,mlp,recovery,0.09375,0.10563051700592041,3293,GGCAGG,4.234375,3323,GGCGAG,4.296875,3323,GGCGAG,4.296875,3293,GGCAGG,0.0771740972995758,3323,GGCGAG,0.024999774992465973,3293,GGCAGG,0.0771740972995758,False,True,True,-0.0013418160378932953,GCGGGCAGGGCTGCAACCC
7,1,48,mlp,recovery,0.109375,0.12243825197219849,3293,GGCAGG,4.234375,3323,GGCGAG,4.29296875,3323,GGCGAG,4.29296875,3293,GGCAGG,0.07755707949399948,3323,GGCGAG,0.025030475109815598,3293,GGCAGG,0.07755707949399948,False,True,True,-0.0014541298151016235,GCGGGCAGGGCTGCAACCC
7,2,48,mlp,recovery,0.046875,0.11655032634735107,3293,GGCAGG,4.23046875,3323,GGCGAG,4.3046875,3323,GGCGAG,4.3046875,3293,GGCAGG,0.07794538885354996,3323,GGCGAG,0.02554219402372837,3293,GGCAGG,0.07794538885354996,False,True,True,0.0031846053898334503,GCGGGCAGGGCTGCAACCC
7,3,48,mlp,recovery,0.015625,0.048893868923187256,3293,GGCAGG,4.2265625,3323,GGCGAG,4.30859375,3323,GGCGAG,4.30859375,3293,GGCAGG,0.07685046643018723,3323,GGCGAG,0.02586532011628151,3293,GGCAGG,0.07685046643018723,False,True,True,0.0013536438345909119,GCGGGCAGGGCTGCAACCC
7,4,48,mlp,recovery,0.03125,0.05716162919998169,3293,GGCAGG,4.2265625,3323,GGCGAG,4.3046875,3323,GGCGAG,4.3046875,3293,GGCAGG,0.07699443399906158,3323,GGCGAG,0.025835996493697166,3293,GGCAGG,0.07699443399906158,False,True,True,0.001871943473815918,GCGGGCAGGGCTGCAACCC
7,5,48,mlp,recovery,0.0,-0.02530229091644287,3293,GGCAGG,4.21484375,3323,GGCGAG,4.30078125,3323,GGCGAG,4.30078125,3293,GGCAGG,0.07504700869321823,3323,GGCGAG,0.025616979226469994,3293,GGCAGG,0.07504700869321823,False,True,True,-0.001310545951128006,CGGGCAGGGCTGCAACCC
7,6,48,mlp,recovery,0.015625,0.06908243894577026,3293,GGCAGG,4.23046875,3323,GGCGAG,4.3125,3323,GGCGAG,4.3125,3293,GGCAGG,0.0774349644780159,3323,GGCGAG,0.02602667175233364,3293,GGCAGG,0.0774349644780159,False,True,True,0.0029678717255592346,GCGGGCAGGGCTGCAACCC
7,7,48,mlp,recovery,0.03125,0.08803224563598633,3293,GGCAGG,4.2265625,3323,GGCGAG,4.3046875,3323,GGCGAG,4.3046875,3293,GGCAGG,0.07757330685853958,3323,GGCGAG,0.025767836719751358,3293,GGCAGG,0.07757330685853958,False,True,True,0.002765294164419174,GCGGGCAGGGCTGCAACCC
7,8,48,mlp,recovery,0.03125,0.02919614315032959,3293,GGCAGG,4.22265625,3323,GGCGAG,4.30078125,3323,GGCGAG,4.30078125,3293,GGCAGG,0.07627128809690475,3323,GGCGAG,0.02569899521768093,3293,GGCAGG,0.07627128809690475,False,True,True,0.0006262175738811493,GCGGGCAGGGCTGCAACCC
7,9,48,mlp,recovery,-0.015625,-0.024758100509643555,3293,GGCAGG,4.21484375,3323,GGCGAG,4.3046875,3323,GGCGAG,4.3046875,3293,GGCAGG,0.07521270215511322,3323,GGCGAG,0.02577126771211624,3293,GGCAGG,0.07521270215511322,False,True,True,-0.0005439333617687225,GCGGGCAGGGCTGCAACCC
7,10,48,mlp,recovery,0.0,-0.032199859619140625,3293,GGCAGG,4.2109375,3323,GGCGAG,4.296875,3323,GGCGAG,4.296875,3293,GGCAGG,0.07471659034490585,3323,GGCGAG,0.025431133806705475,3293,GGCAGG,0.07471659034490585,False,True,True,-0.0016798190772533417,CGGGCAGGGCTGCAACCC
7,11,48,mlp,recovery,0.03125,0.02079916000366211,3293,GGCAGG,4.22265625,3323,GGCGAG,4.30078125,3323,GGCGAG,4.30078125,3293,GGCAGG,0.07608499377965927,3323,GGCGAG,0.025688698515295982,3293,GGCAGG,0.07608499377965927,False,True,True,-0.00034280866384506226,GCGGGCAGGGCTGCAACCC
7,12,48,mlp,recovery,0.03125,0.012537896633148193,3293,GGCAGG,4.22265625,3323,GGCGAG,4.30078125,3323,GGCGAG,4.30078125,3293,GGCAGG,0.07594960182905197,3323,GGCGAG,0.02572646178305149,3293,GGCAGG,0.07594960182905197,False,True,True,-0.0009640045464038849,GCGGGCAGGGCTGCAACCC
7,13,48,mlp,recovery,0.03125,0.03340977430343628,3293,GGCAGG,4.22265625,3323,GGCGAG,4.30078125,3323,GGCGAG,4.30078125,3293,GGCAGG,0.07630697637796402,3323,GGCGAG,0.02564636990427971,3293,GGCAGG,0.07630697637796402,False,True,True,-0.003209266811609268,GCGGGCAGGGCTGCAACCC
7,14,48,mlp,recovery,0.03125,0.036938369274139404,3293,GGCAGG,4.22265625,3323,GGCGAG,4.30078125,3323,GGCGAG,4.30078125,3293,GGCAGG,0.07637592405080795,3323,GGCGAG,0.025641361251473427,3293,GGCAGG,0.07637592405080795,False,True,True,-0.00495973601937294,GCGGGCAGGGCTGCAACCC
7,15,48,mlp,recovery,0.0625,0.04397714138031006,3293,GGCAGG,4.2109375,3323,GGCGAG,4.28125,3323,GGCGAG,4.28125,3293,GGCAGG,0.0761236846446991,3323,GGCGAG,0.025241591036319733,3293,GGCAGG,0.0761236846446991,False,True,True,-0.008571431040763855,GCGGGCAGGGCTGCAACCC
7,16,48,mlp,recovery,0.0625,-0.07595372200012207,3293,GGCAGG,4.1953125,3323,GGCGAG,4.265625,3323,GGCGAG,4.265625,3293,GGCAGG,0.07332459837198257,3323,GGCGAG,0.024956202134490013,3293,GGCAGG,0.07332459837198257,False,True,True,-0.012193664908409119,CGGGCAGGGCTGCAACCC
7,17,48,mlp,recovery,0.140625,-0.00845801830291748,3293,GGCAGG,4.2109375,3323,GGCGAG,4.26171875,3323,GGCGAG,4.26171875,3293,GGCAGG,0.07451615482568741,3323,GGCGAG,0.024733077734708786,3293,GGCAGG,0.07451615482568741,False,True,True,-0.012740934267640114,GCGGGCAGGGCTGCAACCC
7,18,48,mlp,recovery,0.046875,-0.11838686466217041,3293,GGCAGG,4.203125,3323,GGCGAG,4.27734375,3323,GGCGAG,4.27734375,3293,GGCAGG,0.07252094894647598,3323,GGCGAG,0.025041934102773666,3293,GGCAGG,0.07252094894647598,False,True,True,-0.011201439425349236,GCGGGCAGGGCTGCAACCC
7,19,48,mlp,recovery,0.03125,-0.09136962890625,3293,GGCAGG,4.20703125,3323,GGCGAG,4.28515625,3323,GGCGAG,4.28515625,3293,GGCAGG,0.07380148023366928,3323,GGCGAG,0.025756195187568665,3293,GGCAGG,0.07380148023366928,False,True,True,-0.006664048880338669,GCGGGCAGGGCTGCAACCC
7,20,48,mlp,recovery,0.40625,0.22019094228744507,3293,GGCAGG,4.265625,3323,GGCGAG,4.25,3293,GGCAGG,4.265625,3293,GGCAGG,0.07865528762340546,3323,GGCGAG,0.024079829454421997,3293,GGCAGG,0.07865528762340546,True,True,False,-0.00558023527264595,GCGGGCAGGGCTGCAACCC
7,21,48,mlp,recovery,0.390625,0.23659747838974,3293,GGCAGG,4.26953125,3323,GGCGAG,4.2578125,3293,GGCAGG,4.26953125,3293,GGCAGG,0.07921814918518066,3323,GGCGAG,0.02429881878197193,3293,GGCAGG,0.07921814918518066,True,True,False,-0.002897895872592926,GCGGGCAGGGCTGCAACCC
7,22,48,mlp,recovery,0.515625,0.43050891160964966,3293,GGCAGG,4.30859375,3323,GGCGAG,4.265625,3293,GGCAGG,4.30859375,3293,GGCAGG,0.08280228823423386,3323,GGCGAG,0.02381865493953228,3293,GGCAGG,0.08280228823423386,True,True,False,-0.002315480262041092,GCGGGCAGGGCTGCAACCC
7,23,48,mlp,recovery,0.09375,0.07988548278808594,3293,GGCAGG,4.25,3323,GGCGAG,4.3125,3323,GGCGAG,4.3125,3293,GGCAGG,0.07706230133771896,3323,GGCGAG,0.02542758360505104,3293,GGCAGG,0.07706230133771896,False,True,True,-0.0017119422554969788,GCGGGCAGGGCTGCAACCC
7,24,48,mlp,recovery,0.078125,0.15225595235824585,3293,GGCAGG,4.25390625,3323,GGCGAG,4.3203125,3323,GGCGAG,4.3203125,3293,GGCAGG,0.07857080549001694,3323,GGCGAG,0.025419237092137337,3293,GGCAGG,0.07857080549001694,False,True,True,-0.0014602020382881165,GCGGGCAGGGCTGCAACCC
7,25,48,mlp,recovery,0.0625,0.11409509181976318,3293,GGCAGG,4.234375,3323,GGCGAG,4.3046875,3323,GGCGAG,4.3046875,3293,GGCAGG,0.07747108489274979,3323,GGCGAG,0.025119351223111153,3293,GGCAGG,0.07747108489274979,False,True,True,-0.0011053495109081268,GCGGGCAGGGCTGCAACCC
7,26,48,mlp,recovery,0.078125,0.10578000545501709,3293,GGCAGG,4.2265625,3323,GGCGAG,4.29296875,3323,GGCGAG,4.29296875,3293,GGCAGG,0.0774000957608223,3323,GGCGAG,0.025222640484571457,3293,GGCAGG,0.0774000957608223,False,True,True,-0.0015537180006504059,GCGGGCAGGGCTGCAACCC
7,27,48,mlp,recovery,0.109375,0.09001386165618896,3293,GGCAGG,4.23046875,3323,GGCGAG,4.2890625,3323,GGCGAG,4.2890625,3293,GGCAGG,0.07685834914445877,3323,GGCGAG,0.025011345744132996,3293,GGCAGG,0.07685834914445877,False,True,True,-0.0031263604760169983,GCGGGCAGGGCTGCAACCC
7,28,48,mlp,recovery,0.09375,0.049876391887664795,3293,GGCAGG,4.2265625,3323,GGCGAG,4.2890625,3323,GGCGAG,4.2890625,3293,GGCAGG,0.07612129300832748,3323,GGCGAG,0.02511555328965187,3293,GGCAGG,0.07612129300832748,False,True,True,-0.001594051718711853,GCGGGCAGGGCTGCAACCC
7,29,48,mlp,recovery,0.078125,0.09163939952850342,3293,GGCAGG,4.234375,3323,GGCGAG,4.30078125,3323,GGCGAG,4.30078125,3293,GGCAGG,0.0771687775850296,3323,GGCGAG,0.025287702679634094,3293,GGCAGG,0.0771687775850296,False,True,True,0.0002387501299381256,GCGGGCAGGGCTGCAACCC
7,30,48,mlp,recovery,0.078125,0.06839817762374878,3293,GGCAGG,4.234375,3323,GGCGAG,4.30078125,3323,GGCGAG,4.30078125,3293,GGCAGG,0.07707074284553528,3323,GGCGAG,0.025676792487502098,3293,GGCAGG,0.07707074284553528,False,True,True,0.0007293745875358582,GCGGGCAGGGCTGCAACCC
7,31,48,mlp,recovery,0.078125,0.16892021894454956,3293,GGCAGG,4.25390625,3323,GGCGAG,4.3203125,3323,GGCGAG,4.3203125,3293,GGCAGG,0.07939367741346359,3323,GGCGAG,0.0258928295224905,3293,GGCAGG,0.07939367741346359,False,True,True,0.0032830573618412018,GCGGGCAGGGCTGCAACCC
8,0,48,mlp,recovery,-0.015625,-0.1672583818435669,3293,GGCAGG,4.19140625,3323,GGCGAG,4.28125,3323,GGCGAG,4.28125,3293,GGCAGG,0.07134418934583664,3323,GGCGAG,0.024889500811696053,3293,GGCAGG,0.07134418934583664,False,True,True,-0.008976668119430542,CGGGCAGGGCTGCAACCC
8,1,48,mlp,recovery,-0.03125,-0.19923925399780273,3293,GGCAGG,4.1875,3323,GGCGAG,4.28125,3323,GGCGAG,4.28125,3293,GGCAGG,0.07063017785549164,3323,GGCGAG,0.024845793843269348,3293,GGCAGG,0.07063017785549164,False,True,True,-0.009957142174243927,CGGGCAGGGCTGCAACCC
8,2,48,mlp,recovery,0.03125,-0.01672184467315674,3293,GGCAGG,4.21484375,3323,GGCGAG,4.29296875,3323,GGCGAG,4.29296875,3293,GGCAGG,0.07479487359523773,3323,GGCGAG,0.025185002014040947,3293,GGCAGG,0.07479487359523773,False,True,True,-0.0037584230303764343,GCGGGCAGGGCTGCAACCC
8,3,48,mlp,recovery,0.046875,0.13972687721252441,3293,GGCAGG,4.23828125,3323,GGCGAG,4.3125,3323,GGCGAG,4.3125,3293,GGCAGG,0.0785815417766571,3323,GGCGAG,0.025692574679851532,3293,GGCAGG,0.0785815417766571,False,True,True,0.0035339966416358948,GCGGGCAGGGCTGCAACCC
8,4,48,mlp,recovery,0.015625,0.05095595121383667,3293,GGCAGG,4.2265625,3323,GGCGAG,4.30859375,3323,GGCGAG,4.30859375,3293,GGCAGG,0.07671717554330826,3323,GGCGAG,0.025688808411359787,3293,GGCAGG,0.07671717554330826,False,True,True,0.0019080638885498047,GCGGGCAGGGCTGCAACCC
8,5,48,mlp,recovery,0.03125,0.020729482173919678,3293,GGCAGG,4.22265625,3323,GGCGAG,4.30078125,3323,GGCGAG,4.30078125,3293,GGCAGG,0.0760207548737526,3323,GGCGAG,0.025625919923186302,3293,GGCAGG,0.0760207548737526,False,True,True,0.0003228485584259033,GCGGGCAGGGCTGCAACCC
8,6,48,mlp,recovery,0.0,-0.043117523193359375,3293,GGCAGG,4.2109375,3323,GGCGAG,4.296875,3323,GGCGAG,4.296875,3293,GGCAGG,0.07456213235855103,3323,GGCGAG,0.02550550550222397,3293,GGCAGG,0.07456213235855103,False,True,True,-0.002081524580717087,CGGGCAGGGCTGCAACCC
8,7,48,mlp,recovery,0.03125,0.01299506425857544,3293,GGCAGG,4.21875,3323,GGCGAG,4.296875,3323,GGCGAG,4.296875,3293,GGCAGG,0.07569992542266846,3323,GGCGAG,0.025467202067375183,3293,GGCAGG,0.07569992542266846,False,True,True,-0.001878991723060608,CGGGCAGGGCTGCAACCC
8,8,48,mlp,recovery,0.109375,0.29046958684921265,3293,GGCAGG,4.265625,3323,GGCGAG,4.32421875,3323,GGCGAG,4.32421875,3293,GGCAGG,0.08205188065767288,3323,GGCGAG,0.026003414765000343,3293,GGCAGG,0.08205188065767288,False,True,True,0.012842204421758652,GCGGGCAGGGCTGCAACCC
8,9,48,mlp,recovery,0.109375,0.29986369609832764,3293,GGCAGG,4.265625,3323,GGCGAG,4.32421875,3323,GGCGAG,4.32421875,3293,GGCAGG,0.08239967375993729,3323,GGCGAG,0.02615431137382984,3293,GGCAGG,0.08239967375993729,False,True,True,0.012404952198266983,GCGGGCAGGGCTGCAACCC
8,10,48,mlp,recovery,0.09375,0.28595679998397827,3293,GGCAGG,4.26171875,3323,GGCGAG,4.32421875,3323,GGCGAG,4.32421875,3293,GGCAGG,0.08212386816740036,3323,GGCGAG,0.02616998739540577,3293,GGCAGG,0.08212386816740036,False,True,True,0.011843763291835785,GCGGGCAGGGCTGCAACCC
8,11,48,mlp,recovery,0.0,0.040517985820770264,3293,GGCAGG,4.2265625,3323,GGCGAG,4.3125,3323,GGCGAG,4.3125,3293,GGCAGG,0.076636902987957,3323,GGCGAG,0.02582731284201145,3293,GGCAGG,0.076636902987957,False,True,True,0.001351233571767807,GCGGGCAGGGCTGCAACCC
8,12,48,mlp,recovery,0.015625,0.00589907169342041,3293,GGCAGG,4.21875,3323,GGCGAG,4.30078125,3323,GGCGAG,4.30078125,3293,GGCAGG,0.07569070160388947,3323,GGCGAG,0.025606706738471985,3293,GGCAGG,0.07569070160388947,False,True,True,-0.0012533552944660187,GCGGGCAGGGCTGCAACCC
8,13,48,mlp,recovery,0.046875,0.03426772356033325,3293,GGCAGG,4.22265625,3323,GGCGAG,4.296875,3323,GGCGAG,4.296875,3293,GGCAGG,0.07620184868574142,3323,GGCGAG,0.025523262098431587,3293,GGCAGG,0.07620184868574142,False,True,True,-0.002399783581495285,GCGGGCAGGGCTGCAACCC
8,14,48,mlp,recovery,0.078125,0.06519746780395508,3293,GGCAGG,4.2265625,3323,GGCGAG,4.29296875,3323,GGCGAG,4.29296875,3293,GGCAGG,0.07660169899463654,3323,GGCGAG,0.025274833664298058,3293,GGCAGG,0.07660169899463654,False,True,True,-0.0051063671708106995,GCGGGCAGGGCTGCAACCC
8,15,48,mlp,recovery,0.078125,0.07219094038009644,3293,GGCAGG,4.2265625,3323,GGCGAG,4.29296875,3323,GGCGAG,4.29296875,3293,GGCAGG,0.07684817910194397,3323,GGCGAG,0.02537473663687706,3293,GGCAGG,0.07684817910194397,False,True,True,-0.006757352501153946,GCGGGCAGGGCTGCAACCC
8,16,48,mlp,recovery,0.0625,0.056971848011016846,3293,GGCAGG,4.22265625,3323,GGCGAG,4.29296875,3323,GGCGAG,4.29296875,3293,GGCAGG,0.07653290778398514,3323,GGCGAG,0.025378448888659477,3293,GGCAGG,0.07653290778398514,False,True,True,-0.007676076143980026,GCGGGCAGGGCTGCAACCC
8,17,48,mlp,recovery,0.125,0.1191093921661377,3293,GGCAGG,4.2265625,3323,GGCGAG,4.28125,3323,GGCGAG,4.28125,3293,GGCAGG,0.0777549222111702,3323,GGCGAG,0.025298088788986206,3293,GGCAGG,0.0777549222111702,False,True,True,-0.009139195084571838,GCGGGCAGGGCTGCAACCC
8,18,48,mlp,recovery,0.140625,0.09204965829849243,3293,GGCAGG,4.2265625,3323,GGCGAG,4.27734375,3323,GGCGAG,4.27734375,3293,GGCAGG,0.07741722464561462,3323,GGCGAG,0.025527551770210266,3293,GGCAGG,0.07741722464561462,False,True,True,-0.006717551499605179,GCGGGCAGGGCTGCAACCC
8,19,48,mlp,recovery,0.140625,0.08330070972442627,3293,GGCAGG,4.2265625,3323,GGCGAG,4.27734375,3323,GGCGAG,4.27734375,3293,GGCAGG,0.07747364044189453,3323,GGCGAG,0.025767341256141663,3293,GGCAGG,0.07747364044189453,False,True,True,-0.005117073655128479,GCGGGCAGGGCTGCAACCC
8,20,48,mlp,recovery,0.0625,-0.11836898326873779,3293,GGCAGG,4.2109375,3323,GGCGAG,4.28125,3323,GGCGAG,4.28125,3293,GGCAGG,0.07368054986000061,3323,GGCGAG,0.026201156899333,3293,GGCAGG,0.07368054986000061,False,True,True,-0.0037745535373687744,CGGGCAGGGCTGCAACCC
8,21,48,mlp,recovery,0.0,-0.1308516263961792,3293,GGCAGG,4.20703125,3323,GGCGAG,4.29296875,3323,GGCGAG,4.29296875,3293,GGCAGG,0.07358428090810776,3323,GGCGAG,0.026366520673036575,3293,GGCAGG,0.07358428090810776,False,True,True,-0.0019121207296848297,CGGGCAGGGCTGCAACCC
8,22,48,mlp,recovery,0.015625,-0.1393815279006958,3293,GGCAGG,4.21875,3323,GGCGAG,4.30078125,3323,GGCGAG,4.30078125,3293,GGCAGG,0.07351920008659363,3323,GGCGAG,0.02648022398352623,3293,GGCAGG,0.07351920008659363,False,True,True,0.0021508969366550446,CGGGCAGGGCTGCAACCC
8,23,48,mlp,recovery,0.078125,0.008488714694976807,3293,GGCAGG,4.2421875,3323,GGCGAG,4.30859375,3323,GGCGAG,4.30859375,3293,GGCAGG,0.075894296169281,3323,GGCGAG,0.025756023824214935,3293,GGCAGG,0.075894296169281,False,True,True,0.001217920333147049,GCGGGCAGGGCTGCAACCC
8,24,48,mlp,recovery,0.125,0.02434641122817993,3293,GGCAGG,4.23828125,3323,GGCGAG,4.29296875,3323,GGCGAG,4.29296875,3293,GGCAGG,0.07568903267383575,3323,GGCGAG,0.025218388065695763,3293,GGCAGG,0.07568903267383575,False,True,True,-0.0022248290479183197,GCGGGCAGGGCTGCAACCC
8,25,48,mlp,recovery,0.140625,0.12230938673019409,3293,GGCAGG,4.2421875,3323,GGCGAG,4.29296875,3323,GGCGAG,4.29296875,3293,GGCAGG,0.07730992883443832,3323,GGCGAG,0.024786025285720825,3293,GGCAGG,0.07730992883443832,False,True,True,-0.005615562200546265,GCGGGCAGGGCTGCAACCC
8,26,48,mlp,recovery,0.09375,0.14712005853652954,3293,GGCAGG,4.23046875,3323,GGCGAG,4.29296875,3323,GGCGAG,4.29296875,3293,GGCAGG,0.07805624604225159,3323,GGCGAG,0.025012319907546043,3293,GGCAGG,0.07805624604225159,False,True,True,-0.0017101913690567017,GCGGGCAGGGCTGCAACCC
8,27,48,mlp,recovery,0.078125,0.1422489881515503,3293,GGCAGG,4.234375,3323,GGCGAG,4.30078125,3323,GGCGAG,4.30078125,3293,GGCAGG,0.07856179028749466,3323,GGCGAG,0.025619961321353912,3293,GGCAGG,0.07856179028749466,False,True,True,0.0007837377488613129,GCGGGCAGGGCTGCAACCC
8,28,48,mlp,recovery,0.03125,0.07138592004776001,3293,GGCAGG,4.22265625,3323,GGCGAG,4.30078125,3323,GGCGAG,4.30078125,3293,GGCAGG,0.07727141678333282,3323,GGCGAG,0.025814848020672798,3293,GGCAGG,0.07727141678333282,False,True,True,0.0008731558918952942,GCGGGCAGGGCTGCAACCC
8,29,48,mlp,recovery,0.046875,0.032013118267059326,3293,GGCAGG,4.2265625,3323,GGCGAG,4.30078125,3323,GGCGAG,4.30078125,3293,GGCAGG,0.07647673785686493,3323,GGCGAG,0.025845404714345932,3293,GGCAGG,0.07647673785686493,False,True,True,0.0024832747876644135,GCGGGCAGGGCTGCAACCC
8,30,48,mlp,recovery,0.046875,0.026632487773895264,3293,GGCAGG,4.2265625,3323,GGCGAG,4.30078125,3323,GGCGAG,4.30078125,3293,GGCAGG,0.07624763995409012,3323,GGCGAG,0.02572908252477646,3293,GGCAGG,0.07624763995409012,False,True,True,0.0008799545466899872,GCGGGCAGGGCTGCAACCC
8,31,48,mlp,recovery,-0.015625,0.0036755800247192383,3293,GGCAGG,4.2265625,3323,GGCGAG,4.31640625,3323,GGCGAG,4.31640625,3293,GGCAGG,0.07597393542528152,3323,GGCGAG,0.025936543941497803,3293,GGCAGG,0.07597393542528152,False,True,True,0.0032952576875686646,GCGGGCAGGGCTGCAACCC
9,0,48,mlp,recovery,0.0625,0.013055682182312012,3293,GGCAGG,4.22265625,3323,GGCGAG,4.29296875,3323,GGCGAG,4.29296875,3293,GGCAGG,0.07545514404773712,3323,GGCGAG,0.025221150368452072,3293,GGCAGG,0.07545514404773712,False,True,True,-0.005205519497394562,CGGGCAGGGCTGCAACCC
9,1,48,mlp,recovery,0.0625,0.003224492073059082,3293,GGCAGG,4.22265625,3323,GGCGAG,4.29296875,3323,GGCGAG,4.29296875,3293,GGCAGG,0.07527502626180649,3323,GGCGAG,0.025247089564800262,3293,GGCAGG,0.07527502626180649,False,True,True,-0.005665484815835953,CGGGCAGGGCTGCAACCC
9,2,48,mlp,recovery,0.015625,-0.014347672462463379,3293,GGCAGG,4.21875,3323,GGCGAG,4.30078125,3323,GGCGAG,4.30078125,3293,GGCAGG,0.07524002343416214,3323,GGCGAG,0.0255803931504488,3293,GGCAGG,0.07524002343416214,False,True,True,-0.0021809712052345276,CGGGCAGGGCTGCAACCC
9,3,48,mlp,recovery,0.015625,0.01130765676498413,3293,GGCAGG,4.21875,3323,GGCGAG,4.30078125,3323,GGCGAG,4.30078125,3293,GGCAGG,0.07596825063228607,3323,GGCGAG,0.025770895183086395,3293,GGCAGG,0.07596825063228607,False,True,True,-0.000903204083442688,CGGGCAGGGCTGCAACCC
9,4,48,mlp,recovery,0.015625,0.009331881999969482,3293,GGCAGG,4.21875,3323,GGCGAG,4.30078125,3323,GGCGAG,4.30078125,3293,GGCAGG,0.07593771815299988,3323,GGCGAG,0.025781773030757904,3293,GGCAGG,0.07593771815299988,False,True,True,-0.0002749226987361908,GCGGGCAGGGCTGCAACCC
9,5,48,mlp,recovery,0.015625,0.001587212085723877,3293,GGCAGG,4.21875,3323,GGCGAG,4.30078125,3323,GGCGAG,4.30078125,3293,GGCAGG,0.07561906427145004,3323,GGCGAG,0.025625446811318398,3293,GGCAGG,0.07561906427145004,False,True,True,-0.0003854595124721527,GCGGGCAGGGCTGCAACCC
9,6,48,mlp,recovery,0.0,-0.017682552337646484,3293,GGCAGG,4.21484375,3323,GGCGAG,4.30078125,3323,GGCGAG,4.30078125,3293,GGCAGG,0.07528173923492432,3323,GGCGAG,0.025692004710435867,3293,GGCAGG,0.07528173923492432,False,True,True,-0.0015186034142971039,GCGGGCAGGGCTGCAACCC
9,7,48,mlp,recovery,0.046875,0.029560863971710205,3293,GGCAGG,4.21875,3323,GGCGAG,4.29296875,3323,GGCGAG,4.29296875,3293,GGCAGG,0.07597128301858902,3323,GGCGAG,0.025391345843672752,3293,GGCAGG,0.07597128301858902,False,True,True,-0.0015509948134422302,GCGGGCAGGGCTGCAACCC
9,8,48,mlp,recovery,0.03125,-0.014191269874572754,3293,GGCAGG,4.21484375,3323,GGCGAG,4.29296875,3323,GGCGAG,4.29296875,3293,GGCAGG,0.0751883015036583,3323,GGCGAG,0.02552538923919201,3293,GGCAGG,0.0751883015036583,False,True,True,-0.0009937658905982971,CGGGCAGGGCTGCAACCC
9,9,48,mlp,recovery,0.015625,0.01545494794845581,3293,GGCAGG,4.21875,3323,GGCGAG,4.30078125,3323,GGCGAG,4.30078125,3293,GGCAGG,0.07583398371934891,3323,GGCGAG,0.02554970420897007,3293,GGCAGG,0.07583398371934891,False,True,True,5.836784839630127e-05,CGGGCAGGGCTGCAACCC
9,10,48,mlp,recovery,0.015625,0.0034379959106445312,3293,GGCAGG,4.21875,3323,GGCGAG,4.30078125,3323,GGCGAG,4.30078125,3293,GGCAGG,0.07574889808893204,3323,GGCGAG,0.02571648731827736,3293,GGCAGG,0.07574889808893204,False,True,True,-0.00018638744950294495,CGGGCAGGGCTGCAACCC
9,11,48,mlp,recovery,0.0,-0.013371706008911133,3293,GGCAGG,4.21484375,3323,GGCGAG,4.30078125,3323,GGCGAG,4.30078125,3293,GGCAGG,0.07540519535541534,3323,GGCGAG,0.025725107640028,3293,GGCAGG,0.07540519535541534,False,True,True,-0.000601544976234436,GCGGGCAGGGCTGCAACCC
9,12,48,mlp,recovery,0.015625,-0.003371715545654297,3293,GGCAGG,4.21484375,3323,GGCGAG,4.296875,3323,GGCGAG,4.296875,3293,GGCAGG,0.07537587732076645,3323,GGCGAG,0.02548619545996189,3293,GGCAGG,0.07537587732076645,False,True,True,-0.001423817127943039,GCGGGCAGGGCTGCAACCC
9,13,48,mlp,recovery,0.03125,0.01751577854156494,3293,GGCAGG,4.21484375,3323,GGCGAG,4.29296875,3323,GGCGAG,4.29296875,3293,GGCAGG,0.07578998804092407,3323,GGCGAG,0.02546251192688942,3293,GGCAGG,0.07578998804092407,False,True,True,-0.0025766268372535706,GCGGGCAGGGCTGCAACCC
9,14,48,mlp,recovery,0.046875,0.04642844200134277,3293,GGCAGG,4.22265625,3323,GGCGAG,4.296875,3323,GGCGAG,4.296875,3293,GGCAGG,0.07636798918247223,3323,GGCGAG,0.02543451450765133,3293,GGCAGG,0.07636798918247223,False,True,True,-0.004099339246749878,GCGGGCAGGGCTGCAACCC
9,15,48,mlp,recovery,0.015625,0.03696393966674805,3293,GGCAGG,4.21875,3323,GGCGAG,4.30078125,3323,GGCGAG,4.30078125,3293,GGCAGG,0.07639676332473755,3323,GGCGAG,0.025661664083600044,3293,GGCAGG,0.07639676332473755,False,True,True,-0.005753166973590851,GCGGGCAGGGCTGCAACCC
9,16,48,mlp,recovery,0.0625,-0.01612997055053711,3293,GGCAGG,4.21484375,3323,GGCGAG,4.28515625,3323,GGCGAG,4.28515625,3293,GGCAGG,0.07479040324687958,3323,GGCGAG,0.025168130174279213,3293,GGCAGG,0.07479040324687958,False,True,True,-0.009243983775377274,GCGGGCAGGGCTGCAACCC
9,17,48,mlp,recovery,0.03125,-0.04336142539978027,3293,GGCAGG,4.21484375,3323,GGCGAG,4.29296875,3323,GGCGAG,4.29296875,3293,GGCAGG,0.07452777028083801,3323,GGCGAG,0.025476256385445595,3293,GGCAGG,0.07452777028083801,False,True,True,-0.004399128258228302,GCGGGCAGGGCTGCAACCC
9,18,48,mlp,recovery,0.0,-0.2074960470199585,3293,GGCAGG,4.20703125,3323,GGCGAG,4.29296875,3323,GGCGAG,4.29296875,3293,GGCAGG,0.071486696600914,3323,GGCGAG,0.02587537094950676,3293,GGCAGG,0.071486696600914,False,True,True,0.001139216125011444,CGGGCAGGGCTGCAACCC
9,19,48,mlp,recovery,-0.109375,-0.26840245723724365,3293,GGCAGG,4.1953125,3323,GGCGAG,4.30859375,3323,GGCGAG,4.30859375,3293,GGCAGG,0.0712357759475708,3323,GGCGAG,0.026901019737124443,3293,GGCAGG,0.0712357759475708,False,True,True,0.009948544204235077,CGGGCAGGGCTGCAACCC
9,20,48,mlp,recovery,-0.125,-0.34229588508605957,3293,GGCAGG,4.17578125,3323,GGCGAG,4.29296875,3323,GGCGAG,4.29296875,3293,GGCAGG,0.06975694000720978,3323,GGCGAG,0.026970962062478065,3293,GGCAGG,0.06975694000720978,False,True,True,0.00428042933344841,CGGGCAGGGCTGCAACCC
9,21,48,mlp,recovery,-0.21875,-0.33395326137542725,3293,GGCAGG,4.171875,3323,GGCGAG,4.3125,3323,GGCGAG,4.3125,3293,GGCAGG,0.07039758563041687,3323,GGCGAG,0.027436746284365654,3293,GGCAGG,0.07039758563041687,False,True,True,0.003264196217060089,CGGGCAGGGCTGCAACCC
9,22,48,mlp,recovery,-0.21875,-0.30615293979644775,3293,GGCAGG,4.18359375,3323,GGCGAG,4.32421875,3323,GGCGAG,4.32421875,3293,GGCAGG,0.07070997357368469,3323,GGCGAG,0.027166452258825302,3293,GGCAGG,0.07070997357368469,False,True,True,0.0049087777733802795,CGGGCAGGGCTGCAACCC
9,23,48,mlp,recovery,-0.1875,-0.2526237964630127,3293,GGCAGG,4.203125,3323,GGCGAG,4.3359375,3323,GGCGAG,4.3359375,3293,GGCAGG,0.07169552147388458,3323,GGCGAG,0.027030054479837418,3293,GGCAGG,0.07169552147388458,False,True,True,0.010975144803524017,CGGGCAGGGCTGCAACCC
9,24,48,mlp,recovery,-0.0625,-0.09237205982208252,3293,GGCAGG,4.2265625,3323,GGCGAG,4.328125,3323,GGCGAG,4.328125,3293,GGCAGG,0.07446347177028656,3323,GGCGAG,0.02643919549882412,3293,GGCAGG,0.07446347177028656,False,True,True,0.009004764258861542,CGGGCAGGGCTGCAACCC
9,25,48,mlp,recovery,0.0625,0.016202867031097412,3293,GGCAGG,4.23046875,3323,GGCGAG,4.30078125,3323,GGCGAG,4.30078125,3293,GGCAGG,0.0757778063416481,3323,GGCGAG,0.025477847084403038,3293,GGCAGG,0.0757778063416481,False,True,True,0.003194499760866165,GCGGGCAGGGCTGCAACCC
9,26,48,mlp,recovery,0.09375,0.10205411911010742,3293,GGCAGG,4.234375,3323,GGCGAG,4.296875,3323,GGCGAG,4.296875,3293,GGCAGG,0.07723301649093628,3323,GGCGAG,0.025133654475212097,3293,GGCAGG,0.07723301649093628,False,True,True,0.0011218897998332977,GCGGGCAGGGCTGCAACCC
9,27,48,mlp,recovery,0.078125,0.11637777090072632,3293,GGCAGG,4.234375,3323,GGCGAG,4.30078125,3323,GGCGAG,4.30078125,3293,GGCAGG,0.07761526852846146,3323,GGCGAG,0.025215689092874527,3293,GGCAGG,0.07761526852846146,False,True,True,0.0010137483477592468,GCGGGCAGGGCTGCAACCC
9,28,48,mlp,recovery,0.046875,0.03518444299697876,3293,GGCAGG,4.2265625,3323,GGCGAG,4.30078125,3323,GGCGAG,4.30078125,3293,GGCAGG,0.07635121047496796,3323,GGCGAG,0.025653406977653503,3293,GGCAGG,0.07635121047496796,False,True,True,0.0016884095966815948,GCGGGCAGGGCTGCAACCC
9,29,48,mlp,recovery,0.015625,0.023693382740020752,3293,GGCAGG,4.22265625,3323,GGCGAG,4.3046875,3323,GGCGAG,4.3046875,3293,GGCAGG,0.07620622962713242,3323,GGCGAG,0.025749271735548973,3293,GGCAGG,0.07620622962713242,False,True,True,0.0023609772324562073,GCGGGCAGGGCTGCAACCC
9,30,48,mlp,recovery,-0.03125,-0.025802135467529297,3293,GGCAGG,4.2109375,3323,GGCGAG,4.3046875,3323,GGCGAG,4.3046875,3293,GGCAGG,0.07536205649375916,3323,GGCGAG,0.025942502543330193,3293,GGCAGG,0.07536205649375916,False,True,True,0.0012513548135757446,GCGGGCAGGGCTGCAACCC
9,31,48,mlp,recovery,-0.03125,0.04581242799758911,3293,GGCAGG,4.2265625,3323,GGCGAG,4.3203125,3323,GGCGAG,4.3203125,3293,GGCAGG,0.0770844891667366,3323,GGCGAG,0.026163926348090172,3293,GGCAGG,0.0770844891667366,False,True,True,0.0032388605177402496,GCGGGCAGGGCTGCAACCC
10,0,48,mlp,recovery,0.0,0.00732952356338501,3293,GGCAGG,4.21875,3323,GGCGAG,4.3046875,3323,GGCGAG,4.3046875,3293,GGCAGG,0.07566700875759125,3323,GGCGAG,0.025553034618496895,3293,GGCAGG,0.07566700875759125,False,True,True,-0.0007839910686016083,GCGGGCAGGGCTGCAACCC
10,1,48,mlp,recovery,0.015625,0.026923954486846924,3293,GGCAGG,4.22265625,3323,GGCGAG,4.3046875,3323,GGCGAG,4.3046875,3293,GGCAGG,0.07601892203092575,3323,GGCGAG,0.025494256988167763,3293,GGCAGG,0.07601892203092575,False,True,True,-0.0017826706171035767,GCGGGCAGGGCTGCAACCC
10,2,48,mlp,recovery,0.0625,0.2466033697128296,3293,GGCAGG,4.25390625,3323,GGCGAG,4.32421875,3323,GGCGAG,4.32421875,3293,GGCAGG,0.08139967173337936,3323,GGCGAG,0.02627061866223812,3293,GGCAGG,0.08139967173337936,False,True,True,0.011254101991653442,GCGGGCAGGGCTGCAACCC
10,3,48,mlp,recovery,0.0625,0.23008769750595093,3293,GGCAGG,4.25,3323,GGCGAG,4.3203125,3323,GGCGAG,4.3203125,3293,GGCAGG,0.08097520470619202,3323,GGCGAG,0.02619231306016445,3293,GGCAGG,0.08097520470619202,False,True,True,0.012110888957977295,GCGGGCAGGGCTGCAACCC
10,4,48,mlp,recovery,0.0625,0.21989089250564575,3293,GGCAGG,4.25,3323,GGCGAG,4.3203125,3323,GGCGAG,4.3203125,3293,GGCAGG,0.08080458641052246,3323,GGCGAG,0.026235416531562805,3293,GGCAGG,0.08080458641052246,False,True,True,0.010857019573450089,GCGGGCAGGGCTGCAACCC
10,5,48,mlp,recovery,0.0,-0.008897542953491211,3293,GGCAGG,4.21484375,3323,GGCGAG,4.30078125,3323,GGCGAG,4.30078125,3293,GGCAGG,0.07540480047464371,3323,GGCGAG,0.02563093788921833,3293,GGCAGG,0.07540480047464371,False,True,True,-0.0007735937833786011,GCGGGCAGGGCTGCAACCC
10,6,48,mlp,recovery,0.015625,0.010154128074645996,3293,GGCAGG,4.21875,3323,GGCGAG,4.30078125,3323,GGCGAG,4.30078125,3293,GGCAGG,0.07587049156427383,3323,GGCGAG,0.025697315111756325,3293,GGCAGG,0.07587049156427383,False,True,True,-0.001127496361732483,GCGGGCAGGGCTGCAACCC
10,7,48,mlp,recovery,0.015625,-0.00045287609100341797,3293,GGCAGG,4.21484375,3323,GGCGAG,4.296875,3323,GGCGAG,4.296875,3293,GGCAGG,0.07553017884492874,3323,GGCGAG,0.025579316541552544,3293,GGCAGG,0.07553017884492874,False,True,True,-0.0005674511194229126,GCGGGCAGGGCTGCAACCC
10,8,48,mlp,recovery,0.03125,0.003560781478881836,3293,GGCAGG,4.21875,3323,GGCGAG,4.296875,3323,GGCGAG,4.296875,3293,GGCAGG,0.07544048130512238,3323,GGCGAG,0.02540549449622631,3293,GGCAGG,0.07544048130512238,False,True,True,-0.0022807642817497253,CGGGCAGGGCTGCAACCC
10,9,48,mlp,recovery,0.015625,0.0012914538383483887,3293,GGCAGG,4.21484375,3323,GGCGAG,4.296875,3323,GGCGAG,4.296875,3293,GGCAGG,0.07528775930404663,3323,GGCGAG,0.025300340726971626,3293,GGCAGG,0.07528775930404663,False,True,True,-0.0019892118871212006,CGGGCAGGGCTGCAACCC
10,10,48,mlp,recovery,0.015625,-0.012269020080566406,3293,GGCAGG,4.21484375,3323,GGCGAG,4.296875,3323,GGCGAG,4.296875,3293,GGCAGG,0.075110524892807,3323,GGCGAG,0.025407325476408005,3293,GGCAGG,0.075110524892807,False,True,True,-0.0022178590297698975,CGGGCAGGGCTGCAACCC
10,11,48,mlp,recovery,0.0,-0.03482484817504883,3293,GGCAGG,4.2109375,3323,GGCGAG,4.296875,3323,GGCGAG,4.296875,3293,GGCAGG,0.07488159835338593,3323,GGCGAG,0.02565116062760353,3293,GGCAGG,0.07488159835338593,False,True,True,-0.0013479292392730713,GCGGGCAGGGCTGCAACCC
10,12,48,mlp,recovery,-0.015625,-0.06694185733795166,3293,GGCAGG,4.203125,3323,GGCGAG,4.29296875,3323,GGCGAG,4.29296875,3293,GGCAGG,0.07412321120500565,3323,GGCGAG,0.02556592784821987,3293,GGCAGG,0.07412321120500565,False,True,True,-0.003459092229604721,CGGGCAGGGCTGCAACCC
10,13,48,mlp,recovery,0.0,-0.04898428916931152,3293,GGCAGG,4.20703125,3323,GGCGAG,4.29296875,3323,GGCGAG,4.29296875,3293,GGCAGG,0.07456440478563309,3323,GGCGAG,0.025630740448832512,3293,GGCAGG,0.07456440478563309,False,True,True,-0.005399435758590698,CGGGCAGGGCTGCAACCC
10,14,48,mlp,recovery,0.03125,-0.011792659759521484,3293,GGCAGG,4.2109375,3323,GGCGAG,4.2890625,3323,GGCGAG,4.2890625,3293,GGCAGG,0.07505834847688675,3323,GGCGAG,0.02534516528248787,3293,GGCAGG,0.07505834847688675,False,True,True,-0.0071673765778541565,GCGGGCAGGGCTGCAACCC
10,15,48,mlp,recovery,0.03125,0.012610793113708496,3293,GGCAGG,4.21875,3323,GGCGAG,4.296875,3323,GGCGAG,4.296875,3293,GGCAGG,0.07568544894456863,3323,GGCGAG,0.025460779666900635,3293,GGCAGG,0.07568544894456863,False,True,True,-0.006640620529651642,GCGGGCAGGGCTGCAACCC
10,16,48,mlp,recovery,0.078125,0.004370391368865967,3293,GGCAGG,4.22265625,3323,GGCGAG,4.2890625,3323,GGCGAG,4.2890625,3293,GGCAGG,0.07507087290287018,3323,GGCGAG,0.02501891925930977,3293,GGCAGG,0.07507087290287018,False,True,True,-0.0050220787525177,GCGGGCAGGGCTGCAACCC
10,17,48,mlp,recovery,0.0625,-0.09406781196594238,3293,GGCAGG,4.22265625,3323,GGCGAG,4.29296875,3323,GGCGAG,4.29296875,3293,GGCAGG,0.07377016544342041,3323,GGCGAG,0.025781434029340744,3293,GGCAGG,0.07377016544342041,False,True,True,0.0009952075779438019,GCGGGCAGGGCTGCAACCC
10,18,48,mlp,recovery,0.0,-0.24082016944885254,3293,GGCAGG,4.2109375,3323,GGCGAG,4.296875,3323,GGCGAG,4.296875,3293,GGCAGG,0.07128345221281052,3323,GGCGAG,0.026370583102107048,3293,GGCAGG,0.07128345221281052,False,True,True,0.0033350512385368347,CGGGCAGGGCTGCAACCC
10,19,48,mlp,recovery,-0.0625,-0.22679603099822998,3293,GGCAGG,4.2109375,3323,GGCGAG,4.3125,3323,GGCGAG,4.3125,3293,GGCAGG,0.0723121240735054,3323,GGCGAG,0.027105314657092094,3293,GGCAGG,0.0723121240735054,False,True,True,0.010458331555128098,CGGGCAGGGCTGCAACCC
10,20,48,mlp,recovery,-0.03125,-0.18384993076324463,3293,GGCAGG,4.20703125,3323,GGCGAG,4.30078125,3323,GGCGAG,4.30078125,3293,GGCAGG,0.0723104402422905,3323,GGCGAG,0.026203501969575882,3293,GGCAGG,0.0723104402422905,False,True,True,0.0036444850265979767,CGGGCAGGGCTGCAACCC
10,21,48,mlp,recovery,0.046875,0.026325702667236328,3293,GGCAGG,4.22265625,3323,GGCGAG,4.296875,3323,GGCGAG,4.296875,3293,GGCAGG,0.07601293921470642,3323,GGCGAG,0.025500813499093056,3293,GGCAGG,0.07601293921470642,False,True,True,0.0020408332347869873,CGGGCAGGGCTGCAACCC
10,22,48,mlp,recovery,-0.03125,-0.12004399299621582,3293,GGCAGG,4.2109375,3323,GGCGAG,4.3046875,3323,GGCGAG,4.3046875,3293,GGCAGG,0.07334969192743301,3323,GGCGAG,0.025905409827828407,3293,GGCAGG,0.07334969192743301,False,True,True,-0.0007826276123523712,CGGGCAGGGCTGCAACCC
10,23,48,mlp,recovery,-0.046875,-0.12018132209777832,3293,GGCAGG,4.21484375,3323,GGCGAG,4.3125,3323,GGCGAG,4.3125,3293,GGCAGG,0.07356341183185577,3323,GGCGAG,0.02612200751900673,3293,GGCAGG,0.07356341183185577,False,True,True,-0.00036981329321861267,CGGGCAGGGCTGCAACCC
10,24,48,mlp,recovery,0.046875,-0.09798431396484375,3293,GGCAGG,4.2265625,3323,GGCGAG,4.30078125,3323,GGCGAG,4.30078125,3293,GGCAGG,0.07373049855232239,3323,GGCGAG,0.02582385577261448,3293,GGCAGG,0.07373049855232239,False,True,True,-0.0011005811393260956,CGGGCAGGGCTGCAACCC
10,25,48,mlp,recovery,0.109375,0.00957632064819336,3293,GGCAGG,4.234375,3323,GGCGAG,4.29296875,3323,GGCGAG,4.29296875,3293,GGCAGG,0.07520356774330139,3323,GGCGAG,0.025042500346899033,3293,GGCAGG,0.07520356774330139,False,True,True,-0.004431005567312241,CGGGCAGGGCTGCAACCC
10,26,48,mlp,recovery,0.046875,0.0445636510848999,3293,GGCAGG,4.234375,3323,GGCGAG,4.30859375,3323,GGCGAG,4.30859375,3293,GGCAGG,0.07615764439105988,3323,GGCGAG,0.025263259187340736,3293,GGCAGG,0.07615764439105988,False,True,True,0.0003635510802268982,CGGGCAGGGCTGCAACCC
10,27,48,mlp,recovery,-0.046875,-0.014242410659790039,3293,GGCAGG,4.2265625,3323,GGCGAG,4.32421875,3323,GGCGAG,4.32421875,3293,GGCAGG,0.07518608868122101,3323,GGCGAG,0.02552424930036068,3293,GGCAGG,0.07518608868122101,False,True,True,0.0021337084472179413,CGGGCAGGGCTGCAACCC
10,28,48,mlp,recovery,-0.0625,-0.006782412528991699,3293,GGCAGG,4.21875,3323,GGCGAG,4.3203125,3323,GGCGAG,4.3203125,3293,GGCAGG,0.07559989392757416,3323,GGCGAG,0.025781696662306786,3293,GGCAGG,0.07559989392757416,False,True,True,0.003097202628850937,CGGGCAGGGCTGCAACCC
10,29,48,mlp,recovery,0.0,-0.00069427490234375,3293,GGCAGG,4.22265625,3323,GGCGAG,4.30859375,3323,GGCGAG,4.30859375,3293,GGCAGG,0.07593831419944763,3323,GGCGAG,0.025992514565587044,3293,GGCAGG,0.07593831419944763,False,True,True,0.0007927045226097107,CGGGCAGGGCTGCAACCC
10,30,48,mlp,recovery,-0.015625,-0.03294777870178223,3293,GGCAGG,4.22265625,3323,GGCGAG,4.3125,3323,GGCGAG,4.3125,3293,GGCAGG,0.07514328509569168,3323,GGCGAG,0.02587350644171238,3293,GGCAGG,0.07514328509569168,False,True,True,-0.00030557066202163696,CGGGCAGGGCTGCAACCC
10,31,48,mlp,recovery,-0.0625,-0.04995441436767578,3293,GGCAGG,4.22265625,3323,GGCGAG,4.32421875,3323,GGCGAG,4.32421875,3293,GGCAGG,0.07482393085956573,3323,GGCGAG,0.025910601019859314,3293,GGCAGG,0.07482393085956573,False,True,True,0.00029025599360466003,CGGGCAGGGCTGCAACCC
11,0,48,mlp,recovery,-0.015625,-0.033483147621154785,3293,GGCAGG,4.2109375,3323,GGCGAG,4.30078125,3323,GGCGAG,4.30078125,3293,GGCAGG,0.07504448294639587,3323,GGCGAG,0.02578592114150524,3293,GGCAGG,0.07504448294639587,False,True,True,-0.0008072555065155029,CGGGCAGGGCTGCAACCC
11,1,48,mlp,recovery,0.0,-0.044281721115112305,3293,GGCAGG,4.2109375,3323,GGCGAG,4.296875,3323,GGCGAG,4.296875,3293,GGCAGG,0.07486927509307861,3323,GGCGAG,0.02583705075085163,3293,GGCAGG,0.07486927509307861,False,True,True,-0.0007994286715984344,CGGGCAGGGCTGCAACCC
11,2,48,mlp,recovery,-0.046875,0.060285210609436035,3293,GGCAGG,4.2265625,3323,GGCGAG,4.32421875,3323,GGCGAG,4.32421875,3293,GGCAGG,0.07752607017755508,3323,GGCGAG,0.026302166283130646,3293,GGCAGG,0.07752607017755508,False,True,True,0.006852209568023682,GCGGGCAGGGCTGCAACCC
11,3,48,mlp,recovery,-0.046875,0.0548667311668396,3293,GGCAGG,4.22265625,3323,GGCGAG,4.3203125,3323,GGCGAG,4.3203125,3293,GGCAGG,0.07726409286260605,3323,GGCGAG,0.02615375816822052,3293,GGCAGG,0.07726409286260605,False,True,True,0.005832012742757797,CGGGCAGGGCTGCAACCC
11,4,48,mlp,recovery,-0.03125,0.06312543153762817,3293,GGCAGG,4.2265625,3323,GGCGAG,4.3203125,3323,GGCGAG,4.3203125,3293,GGCAGG,0.07753182202577591,3323,GGCGAG,0.0262483898550272,3293,GGCAGG,0.07753182202577591,False,True,True,0.006703745573759079,GCGGGCAGGGCTGCAACCC
11,5,48,mlp,recovery,0.0,-0.005975008010864258,3293,GGCAGG,4.21484375,3323,GGCGAG,4.30078125,3323,GGCGAG,4.30078125,3293,GGCAGG,0.07552669197320938,3323,GGCGAG,0.025691572576761246,3293,GGCAGG,0.07552669197320938,False,True,True,-0.00040846318006515503,GCGGGCAGGGCTGCAACCC
11,6,48,mlp,recovery,0.015625,-0.004545450210571289,3293,GGCAGG,4.21484375,3323,GGCGAG,4.296875,3323,GGCGAG,4.296875,3293,GGCAGG,0.07560958713293076,3323,GGCGAG,0.02574450708925724,3293,GGCAGG,0.07560958713293076,False,True,True,-0.0006073899567127228,GCGGGCAGGGCTGCAACCC
11,7,48,mlp,recovery,0.03125,0.000986635684967041,3293,GGCAGG,4.21484375,3323,GGCGAG,4.29296875,3323,GGCGAG,4.29296875,3293,GGCAGG,0.07548448443412781,3323,GGCGAG,0.025503452867269516,3293,GGCAGG,0.07548448443412781,False,True,True,-0.0010439902544021606,GCGGGCAGGGCTGCAACCC
11,8,48,mlp,recovery,0.0625,-0.03259694576263428,3293,GGCAGG,4.2109375,3323,GGCGAG,4.28125,3323,GGCGAG,4.28125,3293,GGCAGG,0.07444866746664047,3323,GGCGAG,0.025171533226966858,3293,GGCAGG,0.07444866746664047,False,True,True,-0.0038348548114299774,CGGGCAGGGCTGCAACCC
11,9,48,mlp,recovery,0.0625,-0.012740850448608398,3293,GGCAGG,4.2109375,3323,GGCGAG,4.28125,3323,GGCGAG,4.28125,3293,GGCAGG,0.0747847780585289,3323,GGCGAG,0.025091467425227165,3293,GGCAGG,0.0747847780585289,False,True,True,-0.0031414441764354706,CGGGCAGGGCTGCAACCC
11,10,48,mlp,recovery,0.03125,-0.036862969398498535,3293,GGCAGG,4.2109375,3323,GGCGAG,4.2890625,3323,GGCGAG,4.2890625,3293,GGCAGG,0.07449692487716675,3323,GGCGAG,0.025309206917881966,3293,GGCAGG,0.07449692487716675,False,True,True,-0.0021974295377731323,CGGGCAGGGCTGCAACCC
11,11,48,mlp,recovery,0.0,0.005330145359039307,3293,GGCAGG,4.21484375,3323,GGCGAG,4.30078125,3323,GGCGAG,4.30078125,3293,GGCAGG,0.0757899284362793,3323,GGCGAG,0.025717858225107193,3293,GGCAGG,0.0757899284362793,False,True,True,0.0017639584839344025,GCGGGCAGGGCTGCAACCC
11,12,48,mlp,recovery,-0.015625,0.002095520496368408,3293,GGCAGG,4.21484375,3323,GGCGAG,4.3046875,3323,GGCGAG,4.3046875,3293,GGCAGG,0.07581168413162231,3323,GGCGAG,0.025807412341237068,3293,GGCAGG,0.07581168413162231,False,True,True,0.0018025748431682587,GCGGGCAGGGCTGCAACCC
11,13,48,mlp,recovery,0.015625,0.009411871433258057,3293,GGCAGG,4.21484375,3323,GGCGAG,4.296875,3323,GGCGAG,4.296875,3293,GGCAGG,0.07570052891969681,3323,GGCGAG,0.025542907416820526,3293,GGCAGG,0.07570052891969681,False,True,True,0.0021807700395584106,GCGGGCAGGGCTGCAACCC
11,14,48,mlp,recovery,0.015625,0.0014304518699645996,3293,GGCAGG,4.21484375,3323,GGCGAG,4.296875,3323,GGCGAG,4.296875,3293,GGCAGG,0.0755898654460907,3323,GGCGAG,0.025599529966711998,3293,GGCAGG,0.0755898654460907,False,True,True,0.0017985999584197998,GCGGGCAGGGCTGCAACCC
11,15,48,mlp,recovery,0.0,-0.04297506809234619,3293,GGCAGG,4.2109375,3323,GGCGAG,4.296875,3323,GGCGAG,4.296875,3293,GGCAGG,0.07494063675403595,3323,GGCGAG,0.025881020352244377,3293,GGCAGG,0.07494063675403595,False,True,True,0.0008647628128528595,CGGGCAGGGCTGCAACCC
11,16,48,mlp,recovery,0.03125,-0.0477219820022583,3293,GGCAGG,4.21484375,3323,GGCGAG,4.29296875,3323,GGCGAG,4.29296875,3293,GGCAGG,0.07475076615810394,3323,GGCGAG,0.02579064480960369,3293,GGCAGG,0.07475076615810394,False,True,True,-0.0009176097810268402,CGGGCAGGGCTGCAACCC
11,17,48,mlp,recovery,0.03125,-0.03747856616973877,3293,GGCAGG,4.2265625,3323,GGCGAG,4.3046875,3323,GGCGAG,4.3046875,3293,GGCAGG,0.07527020573616028,3323,GGCGAG,0.02609538659453392,3293,GGCAGG,0.07527020573616028,False,True,True,0.0005208849906921387,CGGGCAGGGCTGCAACCC
11,18,48,mlp,recovery,0.140625,0.12224555015563965,3293,GGCAGG,4.2421875,3323,GGCGAG,4.29296875,3323,GGCGAG,4.29296875,3293,GGCAGG,0.07788676023483276,3323,GGCGAG,0.025364194065332413,3293,GGCAGG,0.07788676023483276,False,True,True,0.002576284110546112,CGGGCAGGGCTGCAACCC
11,19,48,mlp,recovery,0.09375,0.14849644899368286,3293,GGCAGG,4.2421875,3323,GGCGAG,4.3046875,3323,GGCGAG,4.3046875,3293,GGCAGG,0.07857204973697662,3323,GGCGAG,0.02549927681684494,3293,GGCAGG,0.07857204973697662,False,True,True,0.0014260932803153992,GCGGGCAGGGCTGCAACCC
11,20,48,mlp,recovery,0.125,0.17668944597244263,3293,GGCAGG,4.234375,3323,GGCGAG,4.2890625,3323,GGCGAG,4.2890625,3293,GGCAGG,0.07838466018438339,3323,GGCGAG,0.024720974266529083,3293,GGCAGG,0.07838466018438339,False,True,True,-0.002769090235233307,GCGGGCAGGGCTGCAACCC
11,21,48,mlp,recovery,0.0625,0.06199288368225098,3293,GGCAGG,4.2265625,3323,GGCGAG,4.296875,3323,GGCGAG,4.296875,3293,GGCAGG,0.07666018605232239,3323,GGCGAG,0.025400487706065178,3293,GGCAGG,0.07666018605232239,False,True,True,-0.004479292780160904,GCGGGCAGGGCTGCAACCC
11,22,48,mlp,recovery,-0.015625,-0.01895320415496826,3293,GGCAGG,4.23046875,3323,GGCGAG,4.3203125,3323,GGCGAG,4.3203125,3293,GGCAGG,0.07585716247558594,3323,GGCGAG,0.026294061914086342,3293,GGCAGG,0.07585716247558594,False,True,True,-0.0007075481116771698,GCGGGCAGGGCTGCAACCC
11,23,48,mlp,recovery,-0.015625,-0.03494274616241455,3293,GGCAGG,4.234375,3323,GGCGAG,4.32421875,3323,GGCGAG,4.32421875,3293,GGCAGG,0.07532715797424316,3323,GGCGAG,0.0260991919785738,3293,GGCAGG,0.07532715797424316,False,True,True,0.00013638287782669067,GCGGGCAGGGCTGCAACCC
11,24,48,mlp,recovery,0.03125,0.0246506929397583,3293,GGCAGG,4.234375,3323,GGCGAG,4.3125,3323,GGCGAG,4.3125,3293,GGCAGG,0.07608220726251602,3323,GGCGAG,0.02560518868267536,3293,GGCAGG,0.07608220726251602,False,True,True,0.00141134113073349,CGGGCAGGGCTGCAACCC
11,25,48,mlp,recovery,0.0625,0.07315176725387573,3293,GGCAGG,4.23046875,3323,GGCGAG,4.30078125,3323,GGCGAG,4.30078125,3293,GGCAGG,0.07631870359182358,3323,GGCGAG,0.024825122207403183,3293,GGCAGG,0.07631870359182358,False,True,True,-0.0008907243609428406,CGGGCAGGGCTGCAACCC
11,26,48,mlp,recovery,0.125,0.18826866149902344,3293,GGCAGG,4.234375,3323,GGCGAG,4.2890625,3323,GGCGAG,4.2890625,3293,GGCAGG,0.07896465063095093,3323,GGCGAG,0.02505827136337757,3293,GGCAGG,0.07896465063095093,False,True,True,-0.0016765967011451721,GCGGGCAGGGCTGCAACCC
11,27,48,mlp,recovery,0.0625,0.11526316404342651,3293,GGCAGG,4.234375,3323,GGCGAG,4.3046875,3323,GGCGAG,4.3046875,3293,GGCAGG,0.07779145985841751,3323,GGCGAG,0.025415241718292236,3293,GGCAGG,0.07779145985841751,False,True,True,-0.0011316537857055664,GCGGGCAGGGCTGCAACCC
11,28,48,mlp,recovery,0.03125,0.08894354104995728,3293,GGCAGG,4.21875,3323,GGCGAG,4.296875,3323,GGCGAG,4.296875,3293,GGCAGG,0.07729862630367279,3323,GGCGAG,0.025474056601524353,3293,GGCAGG,0.07729862630367279,False,True,True,-0.0013083294034004211,GCGGGCAGGGCTGCAACCC
11,29,48,mlp,recovery,0.0,-0.019229412078857422,3293,GGCAGG,4.21484375,3323,GGCGAG,4.30078125,3323,GGCGAG,4.30078125,3293,GGCAGG,0.07528015971183777,3323,GGCGAG,0.025722848251461983,3293,GGCAGG,0.07528015971183777,False,True,True,-0.0011701621115207672,GCGGGCAGGGCTGCAACCC
11,30,48,mlp,recovery,-0.015625,-0.054764628410339355,3293,GGCAGG,4.22265625,3323,GGCGAG,4.3125,3323,GGCGAG,4.3125,3293,GGCAGG,0.07494813203811646,3323,GGCGAG,0.026135621592402458,3293,GGCAGG,0.07494813203811646,False,True,True,0.000780053436756134,CGGGCAGGGCTGCAACCC
11,31,48,mlp,recovery,-0.03125,-0.03252530097961426,3293,GGCAGG,4.2265625,3323,GGCGAG,4.3203125,3323,GGCGAG,4.3203125,3293,GGCAGG,0.07542972266674042,3323,GGCGAG,0.026151087135076523,3293,GGCAGG,0.07542972266674042,False,True,True,0.0036278553307056427,GCGGGCAGGGCTGCAACCC
12,0,48,mlp,recovery,0.0,0.020296871662139893,3293,GGCAGG,4.22265625,3323,GGCGAG,4.30859375,3323,GGCGAG,4.30859375,3293,GGCAGG,0.07622414082288742,3323,GGCGAG,0.025838376954197884,3293,GGCAGG,0.07622414082288742,False,True,True,0.002956181764602661,GCGGGCAGGGCTGCAACCC
12,1,48,mlp,recovery,0.015625,0.021250247955322266,3293,GGCAGG,4.22265625,3323,GGCGAG,4.3046875,3323,GGCGAG,4.3046875,3293,GGCAGG,0.0762317106127739,3323,GGCGAG,0.02582596428692341,3293,GGCAGG,0.0762317106127739,False,True,True,0.0034346282482147217,GCGGGCAGGGCTGCAACCC
12,2,48,mlp,recovery,0.0,0.076321542263031,3293,GGCAGG,4.2265625,3323,GGCGAG,4.3125,3323,GGCGAG,4.3125,3293,GGCAGG,0.07729798555374146,3323,GGCGAG,0.02573796734213829,3293,GGCAGG,0.07729798555374146,False,True,True,0.0021370574831962585,GCGGGCAGGGCTGCAACCC
12,3,48,mlp,recovery,0.015625,0.07912355661392212,3293,GGCAGG,4.23046875,3323,GGCGAG,4.3125,3323,GGCGAG,4.3125,3293,GGCAGG,0.07729077339172363,3323,GGCGAG,0.025672027841210365,3293,GGCAGG,0.07729077339172363,False,True,True,0.000890687108039856,GCGGGCAGGGCTGCAACCC
12,4,48,mlp,recovery,0.015625,0.08557075262069702,3293,GGCAGG,4.23046875,3323,GGCGAG,4.3125,3323,GGCGAG,4.3125,3293,GGCAGG,0.07745962589979172,3323,GGCGAG,0.025705745443701744,3293,GGCAGG,0.07745962589979172,False,True,True,0.000163201242685318,GCGGGCAGGGCTGCAACCC
12,5,48,mlp,recovery,0.015625,0.015621304512023926,3293,GGCAGG,4.21875,3323,GGCGAG,4.30078125,3323,GGCGAG,4.30078125,3293,GGCAGG,0.07597436755895615,3323,GGCGAG,0.02568659745156765,3293,GGCAGG,0.07597436755895615,False,True,True,0.0003770217299461365,GCGGGCAGGGCTGCAACCC
12,6,48,mlp,recovery,0.015625,0.01607203483581543,3293,GGCAGG,4.21875,3323,GGCGAG,4.30078125,3323,GGCGAG,4.30078125,3293,GGCAGG,0.07595846056938171,3323,GGCGAG,0.025661244988441467,3293,GGCAGG,0.07595846056938171,False,True,True,0.001293521374464035,GCGGGCAGGGCTGCAACCC
12,7,48,mlp,recovery,0.03125,0.01655745506286621,3293,GGCAGG,4.2265625,3323,GGCGAG,4.3046875,3323,GGCGAG,4.3046875,3293,GGCAGG,0.07599098235368729,3323,GGCGAG,0.02568359300494194,3293,GGCAGG,0.07599098235368729,False,True,True,0.0025210008025169373,GCGGGCAGGGCTGCAACCC
12,8,48,mlp,recovery,0.03125,0.03129982948303223,3293,GGCAGG,4.22265625,3323,GGCGAG,4.30078125,3323,GGCGAG,4.30078125,3293,GGCAGG,0.07627750188112259,3323,GGCGAG,0.02566112019121647,3293,GGCAGG,0.07627750188112259,False,True,True,0.0029932409524917603,GCGGGCAGGGCTGCAACCC
12,9,48,mlp,recovery,0.015625,0.0047228336334228516,3293,GGCAGG,4.22265625,3323,GGCGAG,4.3046875,3323,GGCGAG,4.3046875,3293,GGCAGG,0.0758235827088356,3323,GGCGAG,0.025764241814613342,3293,GGCAGG,0.0758235827088356,False,True,True,0.0019928067922592163,GCGGGCAGGGCTGCAACCC
12,10,48,mlp,recovery,0.015625,0.004748046398162842,3293,GGCAGG,4.21875,3323,GGCGAG,4.30078125,3323,GGCGAG,4.30078125,3293,GGCAGG,0.07583272457122803,3323,GGCGAG,0.025772854685783386,3293,GGCAGG,0.07583272457122803,False,True,True,0.0004063248634338379,GCGGGCAGGGCTGCAACCC
12,11,48,mlp,recovery,0.0,-0.007560372352600098,3293,GGCAGG,4.21484375,3323,GGCGAG,4.30078125,3323,GGCGAG,4.30078125,3293,GGCAGG,0.07561696320772171,3323,GGCGAG,0.025815073400735855,3293,GGCAGG,0.07561696320772171,False,True,True,-7.771328091621399e-05,GCGGGCAGGGCTGCAACCC
12,12,48,mlp,recovery,0.015625,0.0023802518844604492,3293,GGCAGG,4.21875,3323,GGCGAG,4.30078125,3323,GGCGAG,4.30078125,3293,GGCAGG,0.07577898353338242,3323,GGCGAG,0.025768740102648735,3293,GGCAGG,0.07577898353338242,False,True,True,2.04332172870636e-05,GCGGGCAGGGCTGCAACCC
12,13,48,mlp,recovery,0.0,-0.003543376922607422,3293,GGCAGG,4.21484375,3323,GGCGAG,4.30078125,3323,GGCGAG,4.30078125,3293,GGCAGG,0.07563666999340057,3323,GGCGAG,0.02575058490037918,3293,GGCAGG,0.07563666999340057,False,True,True,-0.0009986162185668945,GCGGGCAGGGCTGCAACCC
12,14,48,mlp,recovery,0.03125,0.016324996948242188,3293,GGCAGG,4.21875,3323,GGCGAG,4.296875,3323,GGCGAG,4.296875,3293,GGCAGG,0.07592865079641342,3323,GGCGAG,0.025626134127378464,3293,GGCAGG,0.07592865079641342,False,True,True,-0.0030155666172504425,GCGGGCAGGGCTGCAACCC
12,15,48,mlp,recovery,0.046875,0.03622281551361084,3293,GGCAGG,4.21875,3323,GGCGAG,4.29296875,3323,GGCGAG,4.29296875,3293,GGCAGG,0.07641586661338806,3323,GGCGAG,0.025696298107504845,3293,GGCAGG,0.07641586661338806,False,True,True,-0.0038373321294784546,GCGGGCAGGGCTGCAACCC
12,16,48,mlp,recovery,0.046875,0.07647132873535156,3293,GGCAGG,4.2265625,3323,GGCGAG,4.30078125,3323,GGCGAG,4.30078125,3293,GGCAGG,0.07751821726560593,3323,GGCGAG,0.025955060496926308,3293,GGCAGG,0.07751821726560593,False,True,True,-6.830692291259766e-05,GCGGGCAGGGCTGCAACCC
12,17,48,mlp,recovery,0.046875,0.04807788133621216,3293,GGCAGG,4.23046875,3323,GGCGAG,4.3046875,3323,GGCGAG,4.3046875,3293,GGCAGG,0.07722606509923935,3323,GGCGAG,0.026258019730448723,3293,GGCAGG,0.07722606509923935,False,True,True,0.008302535861730576,GCGGGCAGGGCTGCAACCC
12,18,48,mlp,recovery,0.078125,0.09648007154464722,3293,GGCAGG,4.23828125,3323,GGCGAG,4.3046875,3323,GGCGAG,4.3046875,3293,GGCAGG,0.077972412109375,3323,GGCGAG,0.025989878922700882,3293,GGCAGG,0.077972412109375,False,True,True,0.009331651031970978,GCGGGCAGGGCTGCAACCC
12,19,48,mlp,recovery,0.0625,0.05619847774505615,3293,GGCAGG,4.24609375,3323,GGCGAG,4.31640625,3323,GGCGAG,4.31640625,3293,GGCAGG,0.07703832536935806,3323,GGCGAG,0.02590007707476616,3293,GGCAGG,0.07703832536935806,False,True,True,0.0069418735802173615,GCGGGCAGGGCTGCAACCC
12,20,48,mlp,recovery,0.046875,0.09798306226730347,3293,GGCAGG,4.23828125,3323,GGCGAG,4.3125,3323,GGCGAG,4.3125,3293,GGCAGG,0.07787792384624481,3323,GGCGAG,0.0258638896048069,3293,GGCAGG,0.07787792384624481,False,True,True,0.00029238685965538025,GCGGGCAGGGCTGCAACCC
12,21,48,mlp,recovery,-0.015625,0.007341265678405762,3293,GGCAGG,4.2265625,3323,GGCGAG,4.31640625,3323,GGCGAG,4.31640625,3293,GGCAGG,0.07605691999197006,3323,GGCGAG,0.025942698121070862,3293,GGCAGG,0.07605691999197006,False,True,True,0.0007952302694320679,GCGGGCAGGGCTGCAACCC
12,22,48,mlp,recovery,0.0625,-0.15609216690063477,3293,GGCAGG,4.22265625,3323,GGCGAG,4.29296875,3323,GGCGAG,4.29296875,3293,GGCAGG,0.07353781163692474,3323,GGCGAG,0.026849081739783287,3293,GGCAGG,0.07353781163692474,False,True,True,-0.003481689840555191,GCGGGCAGGGCTGCAACCC
12,23,48,mlp,recovery,0.109375,-0.18938946723937988,3293,GGCAGG,4.22265625,3323,GGCGAG,4.28125,3323,GGCGAG,4.28125,3293,GGCAGG,0.07216153293848038,3323,GGCGAG,0.026170698925852776,3293,GGCAGG,0.07216153293848038,False,True,True,-0.004442751407623291,GCGGGCAGGGCTGCAACCC
12,24,48,mlp,recovery,0.15625,-0.07269299030303955,3293,GGCAGG,4.21484375,3323,GGCGAG,4.26171875,3323,GGCGAG,4.26171875,3293,GGCAGG,0.07395941019058228,3323,GGCGAG,0.02552267350256443,3293,GGCAGG,0.07395941019058228,False,True,True,-0.005327284336090088,GCGGGCAGGGCTGCAACCC
12,25,48,mlp,recovery,0.140625,0.16015100479125977,3293,GGCAGG,4.21484375,3323,GGCGAG,4.265625,3323,GGCGAG,4.265625,3293,GGCAGG,0.07743960618972778,3323,GGCGAG,0.024122556671500206,3293,GGCAGG,0.07743960618972778,False,True,True,-0.003044411540031433,GCGGGCAGGGCTGCAACCC
12,26,48,mlp,recovery,0.203125,0.36170923709869385,3293,GGCAGG,4.234375,3323,GGCGAG,4.26953125,3323,GGCGAG,4.26953125,3293,GGCAGG,0.08132055401802063,3323,GGCGAG,0.02377893403172493,3293,GGCAGG,0.08132055401802063,False,True,True,4.1000545024871826e-05,GCGGGCAGGGCTGCAACCC
12,27,48,mlp,recovery,0.171875,0.26608848571777344,3293,GGCAGG,4.23828125,3323,GGCGAG,4.28125,3323,GGCGAG,4.28125,3293,GGCAGG,0.07981622964143753,3323,GGCGAG,0.024278778582811356,3293,GGCAGG,0.07981622964143753,False,True,True,0.001379638910293579,GCGGGCAGGGCTGCAACCC
12,28,48,mlp,recovery,0.140625,0.19496220350265503,3293,GGCAGG,4.23828125,3323,GGCGAG,4.2890625,3323,GGCGAG,4.2890625,3293,GGCAGG,0.07876899093389511,3323,GGCGAG,0.02472231350839138,3293,GGCAGG,0.07876899093389511,False,True,True,0.001520797610282898,GCGGGCAGGGCTGCAACCC
12,29,48,mlp,recovery,0.078125,0.09440571069717407,3293,GGCAGG,4.234375,3323,GGCGAG,4.30078125,3323,GGCGAG,4.30078125,3293,GGCAGG,0.07731544226408005,3323,GGCGAG,0.025376388803124428,3293,GGCAGG,0.07731544226408005,False,True,True,0.002826850861310959,GCGGGCAGGGCTGCAACCC
12,30,48,mlp,recovery,0.0625,0.10967510938644409,3293,GGCAGG,4.2265625,3323,GGCGAG,4.296875,3323,GGCGAG,4.296875,3293,GGCAGG,0.07750976830720901,3323,GGCGAG,0.025250671431422234,3293,GGCAGG,0.07750976830720901,False,True,True,0.0022686757147312164,GCGGGCAGGGCTGCAACCC
12,31,48,mlp,recovery,0.0625,0.12197822332382202,3293,GGCAGG,4.22265625,3323,GGCGAG,4.29296875,3323,GGCGAG,4.29296875,3293,GGCAGG,0.07756597548723221,3323,GGCGAG,0.025049012154340744,3293,GGCAGG,0.07756597548723221,False,True,True,0.003067370504140854,GCGGGCAGGGCTGCAACCC
13,0,48,mlp,recovery,0.03125,0.017314791679382324,3293,GGCAGG,4.21484375,3323,GGCGAG,4.29296875,3323,GGCGAG,4.29296875,3293,GGCAGG,0.07594107836484909,3323,GGCGAG,0.025617817416787148,3293,GGCAGG,0.07594107836484909,False,True,True,-0.0012489184737205505,CGGGCAGGGCTGCAACCC
13,1,48,mlp,recovery,0.03125,0.02820742130279541,3293,GGCAGG,4.21484375,3323,GGCGAG,4.29296875,3323,GGCGAG,4.29296875,3293,GGCAGG,0.07618985325098038,3323,GGCGAG,0.025638286024332047,3293,GGCAGG,0.07618985325098038,False,True,True,-0.0017232485115528107,CGGGCAGGGCTGCAACCC
13,2,48,mlp,recovery,0.015625,0.08199793100357056,3293,GGCAGG,4.22265625,3323,GGCGAG,4.3046875,3323,GGCGAG,4.3046875,3293,GGCAGG,0.07740272581577301,3323,GGCGAG,0.025723731145262718,3293,GGCAGG,0.07740272581577301,False,True,True,0.00026009976863861084,CGGGCAGGGCTGCAACCC
13,3,48,mlp,recovery,0.0,0.06529700756072998,3293,GGCAGG,4.22265625,3323,GGCGAG,4.30859375,3323,GGCGAG,4.30859375,3293,GGCAGG,0.07706207782030106,3323,GGCGAG,0.025733130052685738,3293,GGCAGG,0.07706207782030106,False,True,True,4.996731877326965e-05,GCGGGCAGGGCTGCAACCC
13,4,48,mlp,recovery,0.015625,0.07049870491027832,3293,GGCAGG,4.22265625,3323,GGCGAG,4.3046875,3323,GGCGAG,4.3046875,3293,GGCAGG,0.0772736668586731,3323,GGCGAG,0.02583569474518299,3293,GGCAGG,0.0772736668586731,False,True,True,-5.8844685554504395e-05,GCGGGCAGGGCTGCAACCC
13,5,48,mlp,recovery,0.015625,0.01375967264175415,3293,GGCAGG,4.21484375,3323,GGCGAG,4.296875,3323,GGCGAG,4.296875,3293,GGCAGG,0.07584631443023682,3323,GGCGAG,0.02559756301343441,3293,GGCAGG,0.07584631443023682,False,True,True,-0.0013535767793655396,GCGGGCAGGGCTGCAACCC
13,6,48,mlp,recovery,0.015625,0.006790637969970703,3293,GGCAGG,4.21484375,3323,GGCGAG,4.296875,3323,GGCGAG,4.296875,3293,GGCAGG,0.07571598887443542,3323,GGCGAG,0.02561330795288086,3293,GGCAGG,0.07571598887443542,False,True,True,-0.0014358162879943848,GCGGGCAGGGCTGCAACCC
13,7,48,mlp,recovery,0.03125,0.001917421817779541,3293,GGCAGG,4.21484375,3323,GGCGAG,4.29296875,3323,GGCGAG,4.29296875,3293,GGCAGG,0.07543356716632843,3323,GGCGAG,0.025433028116822243,3293,GGCAGG,0.07543356716632843,False,True,True,-0.0017064884305000305,GCGGGCAGGGCTGCAACCC
13,8,48,mlp,recovery,0.046875,0.015785157680511475,3293,GGCAGG,4.21484375,3323,GGCGAG,4.2890625,3323,GGCGAG,4.2890625,3293,GGCAGG,0.07568689435720444,3323,GGCGAG,0.025395691394805908,3293,GGCAGG,0.07568689435720444,False,True,True,-0.0005030781030654907,GCGGGCAGGGCTGCAACCC
13,9,48,mlp,recovery,0.046875,0.019699275493621826,3293,GGCAGG,4.21875,3323,GGCGAG,4.29296875,3323,GGCGAG,4.29296875,3293,GGCAGG,0.07569795846939087,3323,GGCGAG,0.025324715301394463,3293,GGCAGG,0.07569795846939087,False,True,True,-0.0009152106940746307,GCGGGCAGGGCTGCAACCC
13,10,48,mlp,recovery,0.03125,0.014339804649353027,3293,GGCAGG,4.21484375,3323,GGCGAG,4.29296875,3323,GGCGAG,4.29296875,3293,GGCAGG,0.07575764507055283,3323,GGCGAG,0.02549673430621624,3293,GGCAGG,0.07575764507055283,False,True,True,-0.0001523047685623169,GCGGGCAGGGCTGCAACCC
13,11,48,mlp,recovery,0.03125,0.032164692878723145,3293,GGCAGG,4.22265625,3323,GGCGAG,4.30078125,3323,GGCGAG,4.30078125,3293,GGCAGG,0.07633022218942642,3323,GGCGAG,0.025695711374282837,3293,GGCAGG,0.07633022218942642,False,True,True,-0.0009068325161933899,GCGGGCAGGGCTGCAACCC
13,12,48,mlp,recovery,0.03125,0.012310266494750977,3293,GGCAGG,4.21875,3323,GGCGAG,4.296875,3323,GGCGAG,4.296875,3293,GGCAGG,0.07585179060697556,3323,GGCGAG,0.025633420795202255,3293,GGCAGG,0.07585179060697556,False,True,True,-0.0006174556910991669,GCGGGCAGGGCTGCAACCC
13,13,48,mlp,recovery,0.0,-0.019995450973510742,3293,GGCAGG,4.21484375,3323,GGCGAG,4.30078125,3323,GGCGAG,4.30078125,3293,GGCAGG,0.07526709884405136,3323,GGCGAG,0.025725841522216797,3293,GGCAGG,0.07526709884405136,False,True,True,-0.00030491873621940613,GCGGGCAGGGCTGCAACCC
13,14,48,mlp,recovery,0.0,-0.029838085174560547,3293,GGCAGG,4.21484375,3323,GGCGAG,4.30078125,3323,GGCGAG,4.30078125,3293,GGCAGG,0.0750967413187027,3323,GGCGAG,0.025761784985661507,3293,GGCAGG,0.0750967413187027,False,True,True,-0.001369517296552658,GCGGGCAGGGCTGCAACCC
13,15,48,mlp,recovery,0.015625,-0.0011577606201171875,3293,GGCAGG,4.21875,3323,GGCGAG,4.30078125,3323,GGCGAG,4.30078125,3293,GGCAGG,0.07549426704645157,3323,GGCGAG,0.02555818296968937,3293,GGCAGG,0.07549426704645157,False,True,True,-0.0021429508924484253,GCGGGCAGGGCTGCAACCC
13,16,48,mlp,recovery,0.0625,0.023279309272766113,3293,GGCAGG,4.22265625,3323,GGCGAG,4.29296875,3323,GGCGAG,4.29296875,3293,GGCAGG,0.07574105262756348,3323,GGCGAG,0.02529277838766575,3293,GGCAGG,0.07574105262756348,False,True,True,-0.0019623003900051117,GCGGGCAGGGCTGCAACCC
13,17,48,mlp,recovery,0.046875,0.07223892211914062,3293,GGCAGG,4.2265625,3323,GGCGAG,4.30078125,3323,GGCGAG,4.30078125,3293,GGCAGG,0.07714385539293289,3323,GGCGAG,0.025669407099485397,3293,GGCAGG,0.07714385539293289,False,True,True,0.002424784004688263,GCGGGCAGGGCTGCAACCC
13,18,48,mlp,recovery,0.046875,0.048030078411102295,3293,GGCAGG,4.2265625,3323,GGCGAG,4.30078125,3323,GGCGAG,4.30078125,3293,GGCAGG,0.07682793587446213,3323,GGCGAG,0.025860894471406937,3293,GGCAGG,0.07682793587446213,False,True,True,-0.00013095885515213013,GCGGGCAGGGCTGCAACCC
13,19,48,mlp,recovery,0.0,0.021646976470947266,3293,GGCAGG,4.2265625,3323,GGCGAG,4.3125,3323,GGCGAG,4.3125,3293,GGCAGG,0.07660345733165741,3323,GGCGAG,0.026189396157860756,3293,GGCAGG,0.07660345733165741,False,True,True,0.0007396005094051361,GCGGGCAGGGCTGCAACCC
13,20,48,mlp,recovery,0.046875,-0.2110668420791626,3293,GGCAGG,4.2109375,3323,GGCGAG,4.28515625,3323,GGCGAG,4.28515625,3293,GGCAGG,0.07079383730888367,3323,GGCGAG,0.025257352739572525,3293,GGCAGG,0.07079383730888367,False,True,True,-0.008462078869342804,GCGGGCAGGGCTGCAACCC
13,21,48,mlp,recovery,0.015625,-0.19470059871673584,3293,GGCAGG,4.2109375,3323,GGCGAG,4.29296875,3323,GGCGAG,4.29296875,3293,GGCAGG,0.07108183950185776,3323,GGCGAG,0.025202328339219093,3293,GGCAGG,0.07108183950185776,False,True,True,-0.0052453577518463135,CGGGCAGGGCTGCAACCC
13,22,48,mlp,recovery,0.0625,-0.24620556831359863,3293,GGCAGG,4.20703125,3323,GGCGAG,4.27734375,3323,GGCGAG,4.27734375,3293,GGCAGG,0.07017562538385391,3323,GGCGAG,0.02537563443183899,3293,GGCAGG,0.07017562538385391,False,True,True,-0.010763250291347504,CGGGCAGGGCTGCAACCC
13,23,48,mlp,recovery,0.140625,0.06118881702423096,3293,GGCAGG,4.2265625,3323,GGCGAG,4.27734375,3323,GGCGAG,4.27734375,3293,GGCAGG,0.07616342604160309,3323,GGCGAG,0.02492058463394642,3293,GGCAGG,0.07616342604160309,False,True,True,-0.010133620351552963,GCGGGCAGGGCTGCAACCC
13,24,48,mlp,recovery,0.234375,-0.02176356315612793,3293,GGCAGG,4.21484375,3323,GGCGAG,4.2421875,3323,GGCGAG,4.2421875,3293,GGCAGG,0.07401632517576218,3323,GGCGAG,0.02451212890446186,3293,GGCAGG,0.07401632517576218,False,True,True,-0.012580450624227524,GCGGGCAGGGCTGCAACCC
13,25,48,mlp,recovery,0.15625,0.04625004529953003,3293,GGCAGG,4.21484375,3323,GGCGAG,4.26171875,3323,GGCGAG,4.26171875,3293,GGCAGG,0.07527541369199753,3323,GGCGAG,0.024345679208636284,3293,GGCAGG,0.07527541369199753,False,True,True,-0.007772710174322128,GCGGGCAGGGCTGCAACCC
13,26,48,mlp,recovery,0.0625,0.05098867416381836,3293,GGCAGG,4.2109375,3323,GGCGAG,4.28125,3323,GGCGAG,4.28125,3293,GGCAGG,0.07593480497598648,3323,GGCGAG,0.024905752390623093,3293,GGCAGG,0.07593480497598648,False,True,True,-0.0036939457058906555,GCGGGCAGGGCTGCAACCC
13,27,48,mlp,recovery,0.015625,0.12417274713516235,3293,GGCAGG,4.21484375,3323,GGCGAG,4.296875,3323,GGCGAG,4.296875,3293,GGCAGG,0.07757185399532318,3323,GGCGAG,0.025008896365761757,3293,GGCAGG,0.07757185399532318,False,True,True,-0.0005573481321334839,GCGGGCAGGGCTGCAACCC
13,28,48,mlp,recovery,0.015625,0.12486416101455688,3293,GGCAGG,4.21875,3323,GGCGAG,4.30078125,3323,GGCGAG,4.30078125,3293,GGCAGG,0.07782106101512909,3323,GGCGAG,0.025243612006306648,3293,GGCAGG,0.07782106101512909,False,True,True,0.00015787407755851746,GCGGGCAGGGCTGCAACCC
13,29,48,mlp,recovery,0.046875,0.09909689426422119,3293,GGCAGG,4.2265625,3323,GGCGAG,4.30078125,3323,GGCGAG,4.30078125,3293,GGCAGG,0.07747682929039001,3323,GGCGAG,0.02543945051729679,3293,GGCAGG,0.07747682929039001,False,True,True,0.0012919381260871887,GCGGGCAGGGCTGCAACCC
13,30,48,mlp,recovery,0.03125,0.07826292514801025,3293,GGCAGG,4.2265625,3323,GGCGAG,4.3046875,3323,GGCGAG,4.3046875,3293,GGCAGG,0.07729016989469528,3323,GGCGAG,0.025689462199807167,3293,GGCAGG,0.07729016989469528,False,True,True,0.0010320022702217102,GCGGGCAGGGCTGCAACCC
13,31,48,mlp,recovery,0.03125,0.09087479114532471,3293,GGCAGG,4.234375,3323,GGCGAG,4.3125,3323,GGCGAG,4.3125,3293,GGCAGG,0.07766959071159363,3323,GGCGAG,0.025804542005062103,3293,GGCAGG,0.07766959071159363,False,True,True,0.00231160968542099,GCGGGCAGGGCTGCAACCC
14,0,48,mlp,recovery,0.0,-0.0013064146041870117,3293,GGCAGG,4.21484375,3323,GGCGAG,4.30078125,3323,GGCGAG,4.30078125,3293,GGCAGG,0.07565060257911682,3323,GGCGAG,0.025717630982398987,3293,GGCAGG,0.07565060257911682,False,True,True,-0.0038299672305583954,GCGGGCAGGGCTGCAACCC
14,1,48,mlp,recovery,0.015625,0.018021106719970703,3293,GGCAGG,4.21875,3323,GGCGAG,4.30078125,3323,GGCGAG,4.30078125,3293,GGCAGG,0.07603199779987335,3323,GGCGAG,0.025693928822875023,3293,GGCAGG,0.07603199779987335,False,True,True,-0.0041713230311870575,GCGGGCAGGGCTGCAACCC
14,2,48,mlp,recovery,0.015625,0.061896562576293945,3293,GGCAGG,4.22265625,3323,GGCGAG,4.3046875,3323,GGCGAG,4.3046875,3293,GGCAGG,0.07701403647661209,3323,GGCGAG,0.025756359100341797,3293,GGCAGG,0.07701403647661209,False,True,True,-0.0010585151612758636,GCGGGCAGGGCTGCAACCC
14,3,48,mlp,recovery,0.015625,0.06896322965621948,3293,GGCAGG,4.22265625,3323,GGCGAG,4.3046875,3323,GGCGAG,4.3046875,3293,GGCAGG,0.07718216627836227,3323,GGCGAG,0.025776375085115433,3293,GGCAGG,0.07718216627836227,False,True,True,-0.0003652609884738922,GCGGGCAGGGCTGCAACCC
14,4,48,mlp,recovery,0.0,0.05350595712661743,3293,GGCAGG,4.21875,3323,GGCGAG,4.3046875,3323,GGCGAG,4.3046875,3293,GGCAGG,0.07695568352937698,3323,GGCGAG,0.02587387152016163,3293,GGCAGG,0.07695568352937698,False,True,True,-5.2306801080703735e-05,GCGGGCAGGGCTGCAACCC
14,5,48,mlp,recovery,0.015625,0.010951995849609375,3293,GGCAGG,4.21875,3323,GGCGAG,4.30078125,3323,GGCGAG,4.30078125,3293,GGCAGG,0.07583005726337433,3323,GGCGAG,0.025640156120061874,3293,GGCAGG,0.07583005726337433,False,True,True,-0.000542033463716507,GCGGGCAGGGCTGCAACCC
14,6,48,mlp,recovery,0.015625,0.015581846237182617,3293,GGCAGG,4.21875,3323,GGCGAG,4.30078125,3323,GGCGAG,4.30078125,3293,GGCAGG,0.07590042054653168,3323,GGCGAG,0.02561347931623459,3293,GGCAGG,0.07590042054653168,False,True,True,-0.0010428130626678467,GCGGGCAGGGCTGCAACCC
14,7,48,mlp,recovery,0.03125,0.013285458087921143,3293,GGCAGG,4.21875,3323,GGCGAG,4.296875,3323,GGCGAG,4.296875,3293,GGCAGG,0.07581363618373871,3323,GGCGAG,0.025574827566742897,3293,GGCAGG,0.07581363618373871,False,True,True,-0.0011978298425674438,GCGGGCAGGGCTGCAACCC
14,8,48,mlp,recovery,0.015625,-0.0031615495681762695,3293,GGCAGG,4.21484375,3323,GGCGAG,4.296875,3323,GGCGAG,4.296875,3293,GGCAGG,0.07542547583580017,3323,GGCGAG,0.02553139068186283,3293,GGCAGG,0.07542547583580017,False,True,True,-0.0007912330329418182,GCGGGCAGGGCTGCAACCC
14,9,48,mlp,recovery,0.015625,0.0062143802642822266,3293,GGCAGG,4.21875,3323,GGCGAG,4.30078125,3323,GGCGAG,4.30078125,3293,GGCAGG,0.07566116005182266,3323,GGCGAG,0.02557055838406086,3293,GGCAGG,0.07566116005182266,False,True,True,-0.00046704337000846863,GCGGGCAGGGCTGCAACCC
14,10,48,mlp,recovery,0.015625,0.0035401582717895508,3293,GGCAGG,4.21875,3323,GGCGAG,4.30078125,3323,GGCGAG,4.30078125,3293,GGCAGG,0.0756579115986824,3323,GGCGAG,0.02562336064875126,3293,GGCAGG,0.0756579115986824,False,True,True,-3.2261013984680176e-06,CGGGCAGGGCTGCAACCC
14,11,48,mlp,recovery,0.0,-0.003721475601196289,3293,GGCAGG,4.21484375,3323,GGCGAG,4.30078125,3323,GGCGAG,4.30078125,3293,GGCAGG,0.07556440681219101,3323,GGCGAG,0.025682056322693825,3293,GGCAGG,0.07556440681219101,False,True,True,-0.0006549917161464691,GCGGGCAGGGCTGCAACCC
14,12,48,mlp,recovery,0.015625,0.00504380464553833,3293,GGCAGG,4.21875,3323,GGCGAG,4.30078125,3323,GGCGAG,4.30078125,3293,GGCAGG,0.0757351666688919,3323,GGCGAG,0.025669099763035774,3293,GGCAGG,0.0757351666688919,False,True,True,-0.0016479343175888062,GCGGGCAGGGCTGCAACCC
14,13,48,mlp,recovery,0.015625,0.0012132525444030762,3293,GGCAGG,4.21484375,3323,GGCGAG,4.296875,3323,GGCGAG,4.296875,3293,GGCAGG,0.07567355781793594,3323,GGCGAG,0.025687774643301964,3293,GGCAGG,0.07567355781793594,False,True,True,-0.0035712197422981262,GCGGGCAGGGCTGCAACCC
14,14,48,mlp,recovery,0.03125,0.012690424919128418,3293,GGCAGG,4.21484375,3323,GGCGAG,4.29296875,3323,GGCGAG,4.29296875,3293,GGCAGG,0.07589457929134369,3323,GGCGAG,0.02566824108362198,3293,GGCAGG,0.07589457929134369,False,True,True,-0.0062988921999931335,CGGGCAGGGCTGCAACCC
14,15,48,mlp,recovery,0.015625,-0.02357947826385498,3293,GGCAGG,4.21484375,3323,GGCGAG,4.296875,3323,GGCGAG,4.296875,3293,GGCAGG,0.07508935779333115,3323,GGCGAG,0.025623220950365067,3293,GGCAGG,0.07508935779333115,False,True,True,-0.007000822573900223,GCGGGCAGGGCTGCAACCC
14,16,48,mlp,recovery,0.015625,-0.003415703773498535,3293,GGCAGG,4.2109375,3323,GGCGAG,4.29296875,3323,GGCGAG,4.29296875,3293,GGCAGG,0.07535862922668457,3323,GGCGAG,0.025469867512583733,3293,GGCAGG,0.07535862922668457,False,True,True,-0.01050107553601265,GCGGGCAGGGCTGCAACCC
14,17,48,mlp,recovery,0.125,0.07124000787734985,3293,GGCAGG,4.22265625,3323,GGCGAG,4.27734375,3323,GGCGAG,4.27734375,3293,GGCAGG,0.07633239030838013,3323,GGCGAG,0.02487887814640999,3293,GGCAGG,0.07633239030838013,False,True,True,-0.006573747843503952,CGGGCAGGGCTGCAACCC
14,18,48,mlp,recovery,0.140625,0.11857157945632935,3293,GGCAGG,4.2265625,3323,GGCGAG,4.27734375,3323,GGCGAG,4.27734375,3293,GGCAGG,0.07714077830314636,3323,GGCGAG,0.02469521574676037,3293,GGCAGG,0.07714077830314636,False,True,True,-0.006427675485610962,CGGGCAGGGCTGCAACCC
14,19,48,mlp,recovery,0.109375,0.019975483417510986,3293,GGCAGG,4.22265625,3323,GGCGAG,4.28125,3323,GGCGAG,4.28125,3293,GGCAGG,0.07517752051353455,3323,GGCGAG,0.02479848824441433,3293,GGCAGG,0.07517752051353455,False,True,True,-0.0025763176381587982,CGGGCAGGGCTGCAACCC
14,20,48,mlp,recovery,0.03125,-0.07932043075561523,3293,GGCAGG,4.21484375,3323,GGCGAG,4.29296875,3323,GGCGAG,4.29296875,3293,GGCAGG,0.07433867454528809,3323,GGCGAG,0.02604084275662899,3293,GGCAGG,0.07433867454528809,False,True,True,-0.0034177079796791077,CGGGCAGGGCTGCAACCC
14,21,48,mlp,recovery,0.0,-0.16062331199645996,3293,GGCAGG,4.203125,3323,GGCGAG,4.2890625,3323,GGCGAG,4.2890625,3293,GGCAGG,0.07309739291667938,3323,GGCGAG,0.026503633707761765,3293,GGCAGG,0.07309739291667938,False,True,True,-0.0014138072729110718,CGGGCAGGGCTGCAACCC
14,22,48,mlp,recovery,0.078125,-0.09369337558746338,3293,GGCAGG,4.23828125,3323,GGCGAG,4.3046875,3323,GGCGAG,4.3046875,3293,GGCAGG,0.07583732157945633,3323,GGCGAG,0.027840739116072655,3293,GGCAGG,0.07583732157945633,False,True,True,-0.0027332156896591187,CGGGCAGGGCTGCAACCC
14,23,48,mlp,recovery,0.09375,0.12956368923187256,3293,GGCAGG,4.25,3323,GGCGAG,4.3125,3323,GGCGAG,4.3125,3293,GGCAGG,0.07886239886283875,3323,GGCGAG,0.026186447590589523,3293,GGCAGG,0.07886239886283875,False,True,True,-0.003856256604194641,GCGGGCAGGGCTGCAACCC
14,24,48,mlp,recovery,0.234375,0.20002096891403198,3293,GGCAGG,4.27734375,3323,GGCGAG,4.3046875,3323,GGCGAG,4.3046875,3293,GGCAGG,0.07996039092540741,3323,GGCGAG,0.025807686150074005,3293,GGCAGG,0.07996039092540741,False,True,True,-0.00436222180724144,GCGGGCAGGGCTGCAACCC
14,25,48,mlp,recovery,0.1875,0.2153944969177246,3293,GGCAGG,4.26171875,3323,GGCGAG,4.30078125,3323,GGCGAG,4.30078125,3293,GGCAGG,0.07916290313005447,3323,GGCGAG,0.024687975645065308,3293,GGCAGG,0.07916290313005447,False,True,True,-0.0016480758786201477,GCGGGCAGGGCTGCAACCC
14,26,48,mlp,recovery,0.1875,0.0758211612701416,3293,GGCAGG,4.25390625,3323,GGCGAG,4.29296875,3323,GGCGAG,4.29296875,3293,GGCAGG,0.07680897414684296,3323,GGCGAG,0.02525944449007511,3293,GGCAGG,0.07680897414684296,False,True,True,-8.227676153182983e-05,GCGGGCAGGGCTGCAACCC
14,27,48,mlp,recovery,0.109375,0.125868022441864,3293,GGCAGG,4.23828125,3323,GGCGAG,4.296875,3323,GGCGAG,4.296875,3293,GGCAGG,0.07753659039735794,3323,GGCGAG,0.024938097223639488,3293,GGCAGG,0.07753659039735794,False,True,True,0.0008468367159366608,GCGGGCAGGGCTGCAACCC
14,28,48,mlp,recovery,0.09375,0.15645086765289307,3293,GGCAGG,4.23046875,3323,GGCGAG,4.29296875,3323,GGCGAG,4.29296875,3293,GGCAGG,0.07804039120674133,3323,GGCGAG,0.024800894781947136,3293,GGCAGG,0.07804039120674133,False,True,True,0.0009084641933441162,GCGGGCAGGGCTGCAACCC
14,29,48,mlp,recovery,0.03125,0.07638442516326904,3293,GGCAGG,4.22265625,3323,GGCGAG,4.30078125,3323,GGCGAG,4.30078125,3293,GGCAGG,0.07683001458644867,3323,GGCGAG,0.02526867762207985,3293,GGCAGG,0.07683001458644867,False,True,True,8.696690201759338e-05,GCGGGCAGGGCTGCAACCC
14,30,48,mlp,recovery,0.015625,0.0726933479309082,3293,GGCAGG,4.21484375,3323,GGCGAG,4.296875,3323,GGCGAG,4.296875,3293,GGCAGG,0.07663287967443466,3323,GGCGAG,0.025148905813694,3293,GGCAGG,0.07663287967443466,False,True,True,-0.00019101426005363464,GCGGGCAGGGCTGCAACCC
14,31,48,mlp,recovery,-0.015625,0.016529202461242676,3293,GGCAGG,4.2109375,3323,GGCGAG,4.30078125,3323,GGCGAG,4.30078125,3293,GGCAGG,0.07578049600124359,3323,GGCGAG,0.02547370083630085,3293,GGCAGG,0.07578049600124359,False,True,True,-0.0005939900875091553,GCGGGCAGGGCTGCAACCC
15,0,48,mlp,recovery,0.015625,0.018147647380828857,3293,GGCAGG,4.22265625,3323,GGCGAG,4.3046875,3323,GGCGAG,4.3046875,3293,GGCAGG,0.0761953741312027,3323,GGCGAG,0.025854652747511864,3293,GGCAGG,0.0761953741312027,False,True,True,0.0004231110215187073,GCGGGCAGGGCTGCAACCC
15,1,48,mlp,recovery,0.0,0.010273575782775879,3293,GGCAGG,4.21875,3323,GGCGAG,4.3046875,3323,GGCGAG,4.3046875,3293,GGCAGG,0.07598727196455002,3323,GGCGAG,0.025811590254306793,3293,GGCAGG,0.07598727196455002,False,True,True,-0.0003103502094745636,GCGGGCAGGGCTGCAACCC
15,2,48,mlp,recovery,0.03125,0.1277623176574707,3293,GGCAGG,4.22265625,3323,GGCGAG,4.30078125,3323,GGCGAG,4.30078125,3293,GGCAGG,0.07810314744710922,3323,GGCGAG,0.025464951992034912,3293,GGCAGG,0.07810314744710922,False,True,True,-0.00030075013637542725,GCGGGCAGGGCTGCAACCC
15,3,48,mlp,recovery,0.03125,0.12304019927978516,3293,GGCAGG,4.22265625,3323,GGCGAG,4.30078125,3323,GGCGAG,4.30078125,3293,GGCAGG,0.07795629650354385,3323,GGCGAG,0.02541707269847393,3293,GGCAGG,0.07795629650354385,False,True,True,-0.0013873577117919922,GCGGGCAGGGCTGCAACCC
15,4,48,mlp,recovery,0.015625,0.1268068552017212,3293,GGCAGG,4.22265625,3323,GGCGAG,4.3046875,3323,GGCGAG,4.3046875,3293,GGCAGG,0.07811439037322998,3323,GGCGAG,0.02549622394144535,3293,GGCAGG,0.07811439037322998,False,True,True,-0.001701556146144867,GCGGGCAGGGCTGCAACCC
15,5,48,mlp,recovery,0.0,0.00908273458480835,3293,GGCAGG,4.21875,3323,GGCGAG,4.3046875,3323,GGCGAG,4.3046875,3293,GGCAGG,0.0759793072938919,3323,GGCGAG,0.025828586891293526,3293,GGCAGG,0.0759793072938919,False,True,True,-0.0025381743907928467,GCGGGCAGGGCTGCAACCC
15,6,48,mlp,recovery,0.015625,0.012450456619262695,3293,GGCAGG,4.21875,3323,GGCGAG,4.30078125,3323,GGCGAG,4.30078125,3293,GGCAGG,0.0759824886918068,3323,GGCGAG,0.025761177763342857,3293,GGCAGG,0.0759824886918068,False,True,True,-0.003002740442752838,GCGGGCAGGGCTGCAACCC
15,7,48,mlp,recovery,0.015625,0.01582998037338257,3293,GGCAGG,4.22265625,3323,GGCGAG,4.3046875,3323,GGCGAG,4.3046875,3293,GGCAGG,0.07601950317621231,3323,GGCGAG,0.02572736144065857,3293,GGCAGG,0.07601950317621231,False,True,True,-0.0026872530579566956,GCGGGCAGGGCTGCAACCC
15,8,48,mlp,recovery,0.015625,0.007400989532470703,3293,GGCAGG,4.22265625,3323,GGCGAG,4.3046875,3323,GGCGAG,4.3046875,3293,GGCAGG,0.0758526474237442,3323,GGCGAG,0.025737175717949867,3293,GGCAGG,0.0758526474237442,False,True,True,-0.002495802938938141,GCGGGCAGGGCTGCAACCC
15,9,48,mlp,recovery,0.015625,0.007586002349853516,3293,GGCAGG,4.21875,3323,GGCGAG,4.30078125,3323,GGCGAG,4.30078125,3293,GGCAGG,0.0757441371679306,3323,GGCGAG,0.02562478557229042,3293,GGCAGG,0.0757441371679306,False,True,True,-0.0021086111664772034,GCGGGCAGGGCTGCAACCC
15,10,48,mlp,recovery,0.0,-0.00422978401184082,3293,GGCAGG,4.21484375,3323,GGCGAG,4.30078125,3323,GGCGAG,4.30078125,3293,GGCAGG,0.0754949226975441,3323,GGCGAG,0.025623226538300514,3293,GGCAGG,0.0754949226975441,False,True,True,-0.0029965750873088837,GCGGGCAGGGCTGCAACCC
15,11,48,mlp,recovery,0.015625,0.008686363697052002,3293,GGCAGG,4.21484375,3323,GGCGAG,4.296875,3323,GGCGAG,4.296875,3293,GGCAGG,0.07581508904695511,3323,GGCGAG,0.02567267417907715,3293,GGCAGG,0.07581508904695511,False,True,True,-0.0034465305507183075,GCGGGCAGGGCTGCAACCC
15,12,48,mlp,recovery,0.015625,0.007858812808990479,3293,GGCAGG,4.21875,3323,GGCGAG,4.30078125,3323,GGCGAG,4.30078125,3293,GGCAGG,0.07581018656492233,3323,GGCGAG,0.02568511851131916,3293,GGCAGG,0.07581018656492233,False,True,True,-0.003019805997610092,GCGGGCAGGGCTGCAACCC
15,13,48,mlp,recovery,0.0,0.00021398067474365234,3293,GGCAGG,4.21484375,3323,GGCGAG,4.30078125,3323,GGCGAG,4.30078125,3293,GGCAGG,0.0756436288356781,3323,GGCGAG,0.025678791105747223,3293,GGCAGG,0.0756436288356781,False,True,True,-0.002704314887523651,GCGGGCAGGGCTGCAACCC
15,14,48,mlp,recovery,0.0,0.018528878688812256,3293,GGCAGG,4.21484375,3323,GGCGAG,4.30078125,3323,GGCGAG,4.30078125,3293,GGCAGG,0.07610263675451279,3323,GGCGAG,0.0257539264857769,3293,GGCAGG,0.07610263675451279,False,True,True,-0.002887185662984848,GCGGGCAGGGCTGCAACCC
15,15,48,mlp,recovery,0.0,0.010102570056915283,3293,GGCAGG,4.2109375,3323,GGCGAG,4.296875,3323,GGCGAG,4.296875,3293,GGCAGG,0.0758741945028305,3323,GGCGAG,0.0257020965218544,3293,GGCAGG,0.0758741945028305,False,True,True,-0.004623834043741226,GCGGGCAGGGCTGCAACCC
15,16,48,mlp,recovery,0.0,0.04462212324142456,3293,GGCAGG,4.2109375,3323,GGCGAG,4.296875,3323,GGCGAG,4.296875,3293,GGCAGG,0.07639221847057343,3323,GGCGAG,0.025496605783700943,3293,GGCAGG,0.07639221847057343,False,True,True,-0.00447797030210495,GCGGGCAGGGCTGCAACCC
15,17,48,mlp,recovery,0.078125,0.09044039249420166,3293,GGCAGG,4.234375,3323,GGCGAG,4.30078125,3323,GGCGAG,4.30078125,3293,GGCAGG,0.07757359743118286,3323,GGCGAG,0.025717653334140778,3293,GGCAGG,0.07757359743118286,False,True,True,0.0017921142280101776,GCGGGCAGGGCTGCAACCC
15,18,48,mlp,recovery,0.0625,0.07572096586227417,3293,GGCAGG,4.234375,3323,GGCGAG,4.3046875,3323,GGCGAG,4.3046875,3293,GGCAGG,0.07737234234809875,3323,GGCGAG,0.025824913755059242,3293,GGCAGG,0.07737234234809875,False,True,True,0.004829280078411102,GCGGGCAGGGCTGCAACCC
15,19,48,mlp,recovery,0.03125,0.008618831634521484,3293,GGCAGG,4.234375,3323,GGCGAG,4.3125,3323,GGCGAG,4.3125,3293,GGCAGG,0.07601778209209442,3323,GGCGAG,0.025876782834529877,3293,GGCAGG,0.07601778209209442,False,True,True,0.004335075616836548,GCGGGCAGGGCTGCAACCC
15,20,48,mlp,recovery,-0.046875,-0.08911347389221191,3293,GGCAGG,4.21484375,3323,GGCGAG,4.3125,3323,GGCGAG,4.3125,3293,GGCAGG,0.07389649003744125,3323,GGCGAG,0.025803914293646812,3293,GGCAGG,0.07389649003744125,False,True,True,0.0005201548337936401,CGGGCAGGGCTGCAACCC
15,21,48,mlp,recovery,-0.03125,-0.09049272537231445,3293,GGCAGG,4.2109375,3323,GGCGAG,4.3046875,3323,GGCGAG,4.3046875,3293,GGCAGG,0.07352714985609055,3323,GGCGAG,0.025463484227657318,3293,GGCAGG,0.07352714985609055,False,True,True,6.636232137680054e-05,CGGGCAGGGCTGCAACCC
15,22,48,mlp,recovery,0.0,-0.12225210666656494,3293,GGCAGG,4.2265625,3323,GGCGAG,4.3125,3323,GGCGAG,4.3125,3293,GGCAGG,0.07391684502363205,3323,GGCGAG,0.026518845930695534,3293,GGCAGG,0.07391684502363205,False,True,True,0.004782084375619888,CGGGCAGGGCTGCAACCC
15,23,48,mlp,recovery,-0.078125,-0.017074108123779297,3293,GGCAGG,4.1875,3323,GGCGAG,4.29296875,3323,GGCGAG,4.29296875,3293,GGCAGG,0.07545710355043411,3323,GGCGAG,0.02585461735725403,3293,GGCAGG,0.07545710355043411,False,True,True,0.0036569982767105103,CGGGCAGGGCTGCAACCC
15,24,48,mlp,recovery,0.0,-0.003930807113647461,3293,GGCAGG,4.21484375,3323,GGCGAG,4.30078125,3323,GGCGAG,4.30078125,3293,GGCAGG,0.07587918639183044,3323,GGCGAG,0.0260012224316597,3293,GGCAGG,0.07587918639183044,False,True,True,0.004835065454244614,CGGGCAGGGCTGCAACCC
15,25,48,mlp,recovery,-0.015625,0.014529645442962646,3293,GGCAGG,4.203125,3323,GGCGAG,4.29296875,3323,GGCGAG,4.29296875,3293,GGCAGG,0.07513891905546188,3323,GGCGAG,0.02487403340637684,3293,GGCAGG,0.07513891905546188,False,True,True,0.0016635172069072723,GCGGGCAGGGCTGCAACCC
15,26,48,mlp,recovery,0.140625,-0.024070262908935547,3293,GGCAGG,4.25,3323,GGCGAG,4.30078125,3323,GGCGAG,4.30078125,3293,GGCAGG,0.07438789308071136,3323,GGCGAG,0.02493204176425934,3293,GGCAGG,0.07438789308071136,False,True,True,0.0018831416964530945,CGGGCAGGGCTGCAACCC
15,27,48,mlp,recovery,0.0625,-0.039528727531433105,3293,GGCAGG,4.22265625,3323,GGCGAG,4.29296875,3323,GGCGAG,4.29296875,3293,GGCAGG,0.07408680021762848,3323,GGCGAG,0.02495495416224003,3293,GGCAGG,0.07408680021762848,False,True,True,0.0009259544312953949,CGGGCAGGGCTGCAACCC
15,28,48,mlp,recovery,0.0625,0.03461569547653198,3293,GGCAGG,4.22265625,3323,GGCGAG,4.29296875,3323,GGCGAG,4.29296875,3293,GGCAGG,0.07588129490613937,3323,GGCGAG,0.02519541047513485,3293,GGCAGG,0.07588129490613937,False,True,True,0.0005682371556758881,CGGGCAGGGCTGCAACCC
15,29,48,mlp,recovery,0.03125,0.01930898427963257,3293,GGCAGG,4.2109375,3323,GGCGAG,4.2890625,3323,GGCGAG,4.2890625,3293,GGCAGG,0.07563695311546326,3323,GGCGAG,0.025271890684962273,3293,GGCAGG,0.07563695311546326,False,True,True,-0.0009355358779430389,CGGGCAGGGCTGCAACCC
15,30,48,mlp,recovery,0.0625,0.06812888383865356,3293,GGCAGG,4.21875,3323,GGCGAG,4.2890625,3323,GGCGAG,4.2890625,3293,GGCAGG,0.07642389088869095,3323,GGCGAG,0.025035586208105087,3293,GGCAGG,0.07642389088869095,False,True,True,-0.0008438006043434143,GCGGGCAGGGCTGCAACCC
15,31,48,mlp,recovery,0.109375,0.11344528198242188,3293,GGCAGG,4.2265625,3323,GGCGAG,4.28515625,3323,GGCGAG,4.28515625,3293,GGCAGG,0.07710704952478409,3323,GGCGAG,0.024768931791186333,3293,GGCAGG,0.07710704952478409,False,True,True,-0.0002631470561027527,CGGGCAGGGCTGCAACCC
16,0,48,mlp,recovery,0.015625,0.014619946479797363,3293,GGCAGG,4.21875,3323,GGCGAG,4.30078125,3323,GGCGAG,4.30078125,3293,GGCAGG,0.07592727243900299,3323,GGCGAG,0.025660494342446327,3293,GGCAGG,0.07592727243900299,False,True,True,-0.0031739771366119385,CGGGCAGGGCTGCAACCC
16,1,48,mlp,recovery,0.03125,0.02920287847518921,3293,GGCAGG,4.22265625,3323,GGCGAG,4.30078125,3323,GGCGAG,4.30078125,3293,GGCAGG,0.07627446204423904,3323,GGCGAG,0.025702031329274178,3293,GGCAGG,0.07627446204423904,False,True,True,-0.004082795232534409,CGGGCAGGGCTGCAACCC
16,2,48,mlp,recovery,0.015625,0.017356395721435547,3293,GGCAGG,4.21875,3323,GGCGAG,4.30078125,3323,GGCGAG,4.30078125,3293,GGCAGG,0.07599201053380966,3323,GGCGAG,0.02566787600517273,3293,GGCAGG,0.07599201053380966,False,True,True,-0.0016954094171524048,GCGGGCAGGGCTGCAACCC
16,3,48,mlp,recovery,0.015625,0.0126723051071167,3293,GGCAGG,4.21875,3323,GGCGAG,4.30078125,3323,GGCGAG,4.30078125,3293,GGCAGG,0.0758863091468811,3323,GGCGAG,0.025660349056124687,3293,GGCAGG,0.0758863091468811,False,True,True,-0.00131206214427948,GCGGGCAGGGCTGCAACCC
16,4,48,mlp,recovery,0.015625,0.016507863998413086,3293,GGCAGG,4.21875,3323,GGCGAG,4.30078125,3323,GGCGAG,4.30078125,3293,GGCAGG,0.07598467916250229,3323,GGCGAG,0.025678329169750214,3293,GGCAGG,0.07598467916250229,False,True,True,-0.0014470778405666351,GCGGGCAGGGCTGCAACCC
16,5,48,mlp,recovery,0.015625,0.012308657169342041,3293,GGCAGG,4.21875,3323,GGCGAG,4.30078125,3323,GGCGAG,4.30078125,3293,GGCAGG,0.07588780671358109,3323,GGCGAG,0.02566947229206562,3293,GGCAGG,0.07588780671358109,False,True,True,-0.0019290372729301453,GCGGGCAGGGCTGCAACCC
16,6,48,mlp,recovery,0.0,0.0005527734756469727,3293,GGCAGG,4.21484375,3323,GGCGAG,4.30078125,3323,GGCGAG,4.30078125,3293,GGCAGG,0.07565438002347946,3323,GGCGAG,0.025682441890239716,3293,GGCAGG,0.07565438002347946,False,True,True,-0.0017863474786281586,GCGGGCAGGGCTGCAACCC
16,7,48,mlp,recovery,0.015625,0.011906981468200684,3293,GGCAGG,4.21875,3323,GGCGAG,4.30078125,3323,GGCGAG,4.30078125,3293,GGCAGG,0.07589640468358994,3323,GGCGAG,0.025686487555503845,3293,GGCAGG,0.07589640468358994,False,True,True,-0.00021907314658164978,GCGGGCAGGGCTGCAACCC
16,8,48,mlp,recovery,0.015625,0.0176813006401062,3293,GGCAGG,4.21875,3323,GGCGAG,4.30078125,3323,GGCGAG,4.30078125,3293,GGCAGG,0.07600880414247513,3323,GGCGAG,0.025677859783172607,3293,GGCAGG,0.07600880414247513,False,True,True,0.00024189800024032593,GCGGGCAGGGCTGCAACCC
16,9,48,mlp,recovery,0.015625,0.01993870735168457,3293,GGCAGG,4.21875,3323,GGCGAG,4.30078125,3323,GGCGAG,4.30078125,3293,GGCAGG,0.07602289319038391,3323,GGCGAG,0.025644633919000626,3293,GGCAGG,0.07602289319038391,False,True,True,-0.000985998660326004,GCGGGCAGGGCTGCAACCC
16,10,48,mlp,recovery,0.015625,0.016796350479125977,3293,GGCAGG,4.21875,3323,GGCGAG,4.30078125,3323,GGCGAG,4.30078125,3293,GGCAGG,0.07602283358573914,3323,GGCGAG,0.025710437446832657,3293,GGCAGG,0.07602283358573914,False,True,True,-0.0036563128232955933,GCGGGCAGGGCTGCAACCC
16,11,48,mlp,recovery,0.015625,0.01011359691619873,3293,GGCAGG,4.21875,3323,GGCGAG,4.30078125,3323,GGCGAG,4.30078125,3293,GGCAGG,0.07593870908021927,3323,GGCGAG,0.02576637826859951,3293,GGCAGG,0.07593870908021927,False,True,True,-0.006612852215766907,GCGGGCAGGGCTGCAACCC
16,12,48,mlp,recovery,0.015625,0.009585380554199219,3293,GGCAGG,4.21875,3323,GGCGAG,4.30078125,3323,GGCGAG,4.30078125,3293,GGCAGG,0.07584890723228455,3323,GGCGAG,0.025687651708722115,3293,GGCAGG,0.07584890723228455,False,True,True,-0.007958684116601944,GCGGGCAGGGCTGCAACCC
16,13,48,mlp,recovery,0.015625,0.0026090145111083984,3293,GGCAGG,4.21484375,3323,GGCGAG,4.296875,3323,GGCGAG,4.296875,3293,GGCAGG,0.07571012526750565,3323,GGCGAG,0.025695089250802994,3293,GGCAGG,0.07571012526750565,False,True,True,-0.00990409404039383,GCGGGCAGGGCTGCAACCC
16,14,48,mlp,recovery,0.015625,0.002705693244934082,3293,GGCAGG,4.21484375,3323,GGCGAG,4.296875,3323,GGCGAG,4.296875,3293,GGCAGG,0.07566281408071518,3323,GGCGAG,0.025645751506090164,3293,GGCAGG,0.07566281408071518,False,True,True,-0.01193292997777462,GCGGGCAGGGCTGCAACCC
16,15,48,mlp,recovery,0.03125,0.00853031873703003,3293,GGCAGG,4.21484375,3323,GGCGAG,4.29296875,3323,GGCGAG,4.29296875,3293,GGCAGG,0.07561686635017395,3323,GGCGAG,0.02547772042453289,3293,GGCAGG,0.07561686635017395,False,True,True,-0.011393504217267036,GCGGGCAGGGCTGCAACCC
16,16,48,mlp,recovery,0.0625,0.04901313781738281,3293,GGCAGG,4.22265625,3323,GGCGAG,4.29296875,3323,GGCGAG,4.29296875,3293,GGCAGG,0.07640905678272247,3323,GGCGAG,0.02542141266167164,3293,GGCAGG,0.07640905678272247,False,True,True,-0.008846882730722427,GCGGGCAGGGCTGCAACCC
16,17,48,mlp,recovery,-0.078125,-0.11020481586456299,3293,GGCAGG,4.21484375,3323,GGCGAG,4.3203125,3323,GGCGAG,4.3203125,3293,GGCAGG,0.07476433366537094,3323,GGCGAG,0.02711382694542408,3293,GGCAGG,0.07476433366537094,False,True,True,-0.001344136893749237,GCGGGCAGGGCTGCAACCC
16,18,48,mlp,recovery,-0.09375,-0.11455011367797852,3293,GGCAGG,4.21484375,3323,GGCGAG,4.32421875,3323,GGCGAG,4.32421875,3293,GGCAGG,0.07502128183841705,3323,GGCGAG,0.02746184915304184,3293,GGCAGG,0.07502128183841705,False,True,True,0.0005034543573856354,GCGGGCAGGGCTGCAACCC
16,19,48,mlp,recovery,-0.09375,-0.15508973598480225,3293,GGCAGG,4.2109375,3323,GGCGAG,4.3203125,3323,GGCGAG,4.3203125,3293,GGCAGG,0.07416193932294846,3323,GGCGAG,0.027452202513813972,3293,GGCAGG,0.07416193932294846,False,True,True,0.001748010516166687,GCGGGCAGGGCTGCAACCC
16,20,48,mlp,recovery,0.09375,0.03979992866516113,3293,GGCAGG,4.2265625,3323,GGCGAG,4.2890625,3323,GGCGAG,4.2890625,3293,GGCAGG,0.07687263190746307,3323,GGCGAG,0.02607809007167816,3293,GGCAGG,0.07687263190746307,False,True,True,-0.001058720052242279,GCGGGCAGGGCTGCAACCC
16,21,48,mlp,recovery,0.140625,0.06677114963531494,3293,GGCAGG,4.2265625,3323,GGCGAG,4.27734375,3323,GGCGAG,4.27734375,3293,GGCAGG,0.07720603793859482,3323,GGCGAG,0.025846192613244057,3293,GGCAGG,0.07720603793859482,False,True,True,-0.0006655529141426086,GCGGGCAGGGCTGCAACCC
16,22,48,mlp,recovery,0.09375,0.27986931800842285,3293,GGCAGG,4.2421875,3323,GGCGAG,4.3046875,3323,GGCGAG,4.3046875,3293,GGCAGG,0.08184093981981277,3323,GGCGAG,0.026014646515250206,3293,GGCAGG,0.08184093981981277,False,True,True,-0.00025467202067375183,GCGGGCAGGGCTGCAACCC
16,23,48,mlp,recovery,0.53125,0.7815974950790405,3293,GGCAGG,4.3125,3323,GGCGAG,4.265625,3293,GGCAGG,4.3125,3293,GGCAGG,0.08975965529680252,3323,GGCGAG,0.023417357355356216,3293,GGCAGG,0.08975965529680252,True,True,True,0.0006866753101348877,GCGGGCAGGGCTGCAACCC
16,24,48,mlp,recovery,0.46875,0.7229783535003662,3293,GGCAGG,4.30078125,3323,GGCGAG,4.26953125,3293,GGCAGG,4.30078125,3293,GGCAGG,0.08823355287313461,3323,GGCGAG,0.023119887337088585,3293,GGCAGG,0.08823355287313461,True,True,True,0.00026386603713035583,GCGGGCAGGGCTGCAACCC
16,25,48,mlp,recovery,0.484375,0.5288268327713013,3293,GGCAGG,4.2890625,3323,GGCGAG,4.25390625,3293,GGCAGG,4.2890625,3293,GGCAGG,0.08363912999629974,3323,GGCGAG,0.022594798356294632,3293,GGCAGG,0.08363912999629974,True,True,False,-5.6374818086624146e-05,GCGGGCAGGGCTGCAACCC
16,26,48,mlp,recovery,-0.015625,-0.0025380849838256836,3293,GGCAGG,4.2109375,3323,GGCGAG,4.30078125,3323,GGCGAG,4.30078125,3293,GGCAGG,0.07475007325410843,3323,GGCGAG,0.024842919781804085,3293,GGCAGG,0.07475007325410843,False,True,True,-0.0007305853068828583,GCGGGCAGGGCTGCAACCC
16,27,48,mlp,recovery,0.0,0.03014206886291504,3293,GGCAGG,4.21484375,3323,GGCGAG,4.30078125,3323,GGCGAG,4.30078125,3293,GGCAGG,0.07558529824018478,3323,GGCGAG,0.024993183091282845,3293,GGCAGG,0.07558529824018478,False,True,True,-0.0006549060344696045,GCGGGCAGGGCTGCAACCC
16,28,48,mlp,recovery,0.03125,0.06910985708236694,3293,GGCAGG,4.21484375,3323,GGCGAG,4.29296875,3323,GGCGAG,4.29296875,3293,GGCAGG,0.0764874592423439,3323,GGCGAG,0.02507859654724598,3293,GGCAGG,0.0764874592423439,False,True,True,-0.0008617416024208069,GCGGGCAGGGCTGCAACCC
16,29,48,mlp,recovery,0.046875,0.0667009949684143,3293,GGCAGG,4.21484375,3323,GGCGAG,4.2890625,3323,GGCGAG,4.2890625,3293,GGCAGG,0.076586052775383,3323,GGCGAG,0.025227677077054977,3293,GGCAGG,0.076586052775383,False,True,True,-0.0005740933120250702,GCGGGCAGGGCTGCAACCC
16,30,48,mlp,recovery,0.046875,0.05778300762176514,3293,GGCAGG,4.21484375,3323,GGCGAG,4.2890625,3323,GGCGAG,4.2890625,3293,GGCAGG,0.07647622376680374,3323,GGCGAG,0.0253047626465559,3293,GGCAGG,0.07647622376680374,False,True,True,-0.00033104419708251953,GCGGGCAGGGCTGCAACCC
16,31,48,mlp,recovery,0.15625,0.10238754749298096,3293,GGCAGG,4.2265625,3323,GGCGAG,4.2734375,3323,GGCGAG,4.2734375,3293,GGCAGG,0.07678723335266113,3323,GGCGAG,0.024680884554982185,3293,GGCAGG,0.07678723335266113,False,True,True,-0.0002293996512889862,GCGGGCAGGGCTGCAACCC
17,0,48,mlp,recovery,0.0,9.506940841674805e-05,3293,GGCAGG,4.21484375,3323,GGCGAG,4.30078125,3323,GGCGAG,4.30078125,3293,GGCAGG,0.07574394345283508,3323,GGCGAG,0.025781597942113876,3293,GGCAGG,0.07574394345283508,False,True,True,-0.0009021162986755371,GCGGGCAGGGCTGCAACCC
17,1,48,mlp,recovery,0.0,0.0001717209815979004,3293,GGCAGG,4.21484375,3323,GGCGAG,4.30078125,3323,GGCGAG,4.30078125,3293,GGCAGG,0.07574578374624252,3323,GGCGAG,0.02578183263540268,3293,GGCAGG,0.07574578374624252,False,True,True,-0.0021881796419620514,GCGGGCAGGGCTGCAACCC
17,2,48,mlp,recovery,0.0,-0.00017023086547851562,3293,GGCAGG,4.21484375,3323,GGCGAG,4.30078125,3323,GGCGAG,4.30078125,3293,GGCAGG,0.07573729753494263,3323,GGCGAG,0.025780515745282173,3293,GGCAGG,0.07573729753494263,False,True,True,-0.002208605408668518,GCGGGCAGGGCTGCAACCC
17,3,48,mlp,recovery,0.0,-0.0003458261489868164,3293,GGCAGG,4.21484375,3323,GGCGAG,4.30078125,3323,GGCGAG,4.30078125,3293,GGCAGG,0.07573171705007553,3323,GGCGAG,0.025778615847229958,3293,GGCAGG,0.07573171705007553,False,True,True,-0.002057403326034546,GCGGGCAGGGCTGCAACCC
17,4,48,mlp,recovery,0.0,-0.0004303455352783203,3293,GGCAGG,4.21484375,3323,GGCGAG,4.30078125,3323,GGCGAG,4.30078125,3293,GGCAGG,0.07572903484106064,3323,GGCGAG,0.025777701288461685,3293,GGCAGG,0.07572903484106064,False,True,True,-0.0023533999919891357,GCGGGCAGGGCTGCAACCC
17,5,48,mlp,recovery,0.0,-0.0001074075698852539,3293,GGCAGG,4.21484375,3323,GGCGAG,4.30078125,3323,GGCGAG,4.30078125,3293,GGCAGG,0.07573751360177994,3323,GGCGAG,0.02577940933406353,3293,GGCAGG,0.07573751360177994,False,True,True,-0.0030213892459869385,GCGGGCAGGGCTGCAACCC
17,6,48,mlp,recovery,0.0,3.0219554901123047e-05,3293,GGCAGG,4.21484375,3323,GGCGAG,4.30078125,3323,GGCGAG,4.30078125,3293,GGCAGG,0.07574247568845749,3323,GGCGAG,0.02578149177134037,3293,GGCAGG,0.07574247568845749,False,True,True,-0.0038011334836483,GCGGGCAGGGCTGCAACCC
17,7,48,mlp,recovery,0.0,0.0002015829086303711,3293,GGCAGG,4.21484375,3323,GGCGAG,4.30078125,3323,GGCGAG,4.30078125,3293,GGCAGG,0.07574852555990219,3323,GGCGAG,0.025783946737647057,3293,GGCAGG,0.07574852555990219,False,True,True,-0.002861239016056061,GCGGGCAGGGCTGCAACCC
17,8,48,mlp,recovery,0.0,5.066394805908203e-05,3293,GGCAGG,4.21484375,3323,GGCGAG,4.30078125,3323,GGCGAG,4.30078125,3293,GGCAGG,0.07574431598186493,3323,GGCGAG,0.025782901793718338,3293,GGCAGG,0.07574431598186493,False,True,True,-0.0021870508790016174,GCGGGCAGGGCTGCAACCC
17,9,48,mlp,recovery,0.0,4.601478576660156e-05,3293,GGCAGG,4.21484375,3323,GGCGAG,4.30078125,3323,GGCGAG,4.30078125,3293,GGCAGG,0.07574357837438583,3323,GGCGAG,0.025782261043787003,3293,GGCAGG,0.07574357837438583,False,True,True,-0.002417139708995819,GCGGGCAGGGCTGCAACCC
17,10,48,mlp,recovery,0.0,-6.0439109802246094e-05,3293,GGCAGG,4.21484375,3323,GGCGAG,4.30078125,3323,GGCGAG,4.30078125,3293,GGCAGG,0.07574138790369034,3323,GGCGAG,0.025782302021980286,3293,GGCAGG,0.07574138790369034,False,True,True,-0.004707224667072296,GCGGGCAGGGCTGCAACCC
17,11,48,mlp,recovery,0.0,0.0001875162124633789,3293,GGCAGG,4.21484375,3323,GGCGAG,4.30078125,3323,GGCGAG,4.30078125,3293,GGCAGG,0.07574926316738129,3323,GGCGAG,0.02578498050570488,3293,GGCAGG,0.07574926316738129,False,True,True,-0.008151967078447342,CGGGCAGGGCTGCAACCC
17,12,48,mlp,recovery,0.0,0.00034034252166748047,3293,GGCAGG,4.21484375,3323,GGCGAG,4.30078125,3323,GGCGAG,4.30078125,3293,GGCAGG,0.07575412094593048,3323,GGCGAG,0.025786634534597397,3293,GGCAGG,0.07575412094593048,False,True,True,-0.009635575115680695,CGGGCAGGGCTGCAACCC
17,13,48,mlp,recovery,0.0,0.0005712509155273438,3293,GGCAGG,4.21484375,3323,GGCGAG,4.30078125,3323,GGCGAG,4.30078125,3293,GGCAGG,0.0757608637213707,3323,GGCGAG,0.02578853629529476,3293,GGCAGG,0.0757608637213707,False,True,True,-0.010220825672149658,GCGGGCAGGGCTGCAACCC
17,14,48,mlp,recovery,0.0,0.0010315775871276855,3293,GGCAGG,4.21484375,3323,GGCGAG,4.30078125,3323,GGCGAG,4.30078125,3293,GGCAGG,0.07577072083950043,3323,GGCGAG,0.025788746774196625,3293,GGCAGG,0.07577072083950043,False,True,True,-0.00947650521993637,GCGGGCAGGGCTGCAACCC
17,15,48,mlp,recovery,0.0,0.001984238624572754,3293,GGCAGG,4.21484375,3323,GGCGAG,4.30078125,3323,GGCGAG,4.30078125,3293,GGCAGG,0.07579442113637924,3323,GGCGAG,0.025792481377720833,3293,GGCAGG,0.07579442113637924,False,True,True,-0.007775168865919113,GCGGGCAGGGCTGCAACCC
17,16,48,mlp,recovery,0.0,0.002889096736907959,3293,GGCAGG,4.21484375,3323,GGCGAG,4.30078125,3323,GGCGAG,4.30078125,3293,GGCAGG,0.07579097151756287,3323,GGCGAG,0.025770064443349838,3293,GGCAGG,0.07579097151756287,False,True,True,-0.004573807120323181,GCGGGCAGGGCTGCAACCC
17,17,48,mlp,recovery,0.0,-0.0032453536987304688,3293,GGCAGG,4.21484375,3323,GGCGAG,4.30078125,3323,GGCGAG,4.30078125,3293,GGCAGG,0.07557418197393417,3323,GGCGAG,0.02568184956908226,3293,GGCAGG,0.07557418197393417,False,True,True,-0.001875419169664383,GCGGGCAGGGCTGCAACCC
17,18,48,mlp,recovery,0.0,-0.006378293037414551,3293,GGCAGG,4.21484375,3323,GGCGAG,4.30078125,3323,GGCGAG,4.30078125,3293,GGCAGG,0.07561453431844711,3323,GGCGAG,0.02578786574304104,3293,GGCAGG,0.07561453431844711,False,True,True,-0.0009243376553058624,GCGGGCAGGGCTGCAACCC
17,19,48,mlp,recovery,0.0,-0.011801719665527344,3293,GGCAGG,4.21484375,3323,GGCGAG,4.30078125,3323,GGCGAG,4.30078125,3293,GGCAGG,0.07544024288654327,3323,GGCGAG,0.025727249681949615,3293,GGCAGG,0.07544024288654327,False,True,True,-0.0011052526533603668,GCGGGCAGGGCTGCAACCC
17,20,48,mlp,recovery,0.0,0.04021048545837402,3293,GGCAGG,4.21484375,3323,GGCGAG,4.30078125,3323,GGCGAG,4.30078125,3293,GGCAGG,0.07698165625333786,3323,GGCGAG,0.02617851085960865,3293,GGCAGG,0.07698165625333786,False,True,True,-0.0011335760354995728,GCGGGCAGGGCTGCAACCC
17,21,48,mlp,recovery,0.0,0.09072798490524292,3293,GGCAGG,4.21484375,3323,GGCGAG,4.30078125,3323,GGCGAG,4.30078125,3293,GGCAGG,0.0781201422214508,3323,GGCGAG,0.02625816874206066,3293,GGCAGG,0.0781201422214508,False,True,True,-0.0008897222578525543,GCGGGCAGGGCTGCAACCC
17,22,48,mlp,recovery,0.0,-0.04202628135681152,3293,GGCAGG,4.21484375,3323,GGCGAG,4.30078125,3323,GGCGAG,4.30078125,3293,GGCAGG,0.07541912794113159,3323,GGCGAG,0.02633962593972683,3293,GGCAGG,0.07541912794113159,False,True,True,-0.0005345307290554047,GCGGGCAGGGCTGCAACCC
17,23,48,mlp,recovery,0.578125,0.03798699378967285,3293,GGCAGG,4.2421875,3323,GGCGAG,4.18359375,3293,GGCAGG,4.2421875,3293,GGCAGG,0.07386166602373123,3323,GGCGAG,0.02310512214899063,3293,GGCAGG,0.07386166602373123,True,True,False,-0.00043398886919021606,GCGGGCAGGGCTGCAACCC
17,24,48,mlp,recovery,0.578125,-0.23742640018463135,3293,GGCAGG,4.2421875,3323,GGCGAG,4.18359375,3293,GGCAGG,4.2421875,3293,GGCAGG,0.067840076982975,3323,GGCGAG,0.022856077179312706,3293,GGCAGG,0.067840076982975,True,True,False,-0.0004840567708015442,GCGGGCAGGGCTGCAACCC
17,25,48,mlp,recovery,0.578125,-0.11282706260681152,3293,GGCAGG,4.2421875,3323,GGCGAG,4.18359375,3293,GGCAGG,4.2421875,3293,GGCAGG,0.07022418081760406,3323,GGCGAG,0.02262863703072071,3293,GGCAGG,0.07022418081760406,True,True,False,-0.00044959038496017456,GCGGGCAGGGCTGCAACCC
17,26,48,mlp,recovery,0.0,-0.21142137050628662,3293,GGCAGG,4.21484375,3323,GGCGAG,4.30078125,3323,GGCGAG,4.30078125,3293,GGCAGG,0.07047688961029053,3323,GGCGAG,0.024947836995124817,3293,GGCAGG,0.07047688961029053,False,True,True,-0.00044416263699531555,GCGGGCAGGGCTGCAACCC
17,27,48,mlp,recovery,0.0,0.06444066762924194,3293,GGCAGG,4.21484375,3323,GGCGAG,4.30078125,3323,GGCGAG,4.30078125,3293,GGCAGG,0.07605313509702682,3323,GGCGAG,0.024742133915424347,3293,GGCAGG,0.07605313509702682,False,True,True,-0.00037864968180656433,GCGGGCAGGGCTGCAACCC
17,28,48,mlp,recovery,0.0,0.06918466091156006,3293,GGCAGG,4.21484375,3323,GGCGAG,4.30078125,3323,GGCGAG,4.30078125,3293,GGCAGG,0.07639212161302567,3323,GGCGAG,0.02498168870806694,3293,GGCAGG,0.07639212161302567,False,True,True,-0.0003505609929561615,GCGGGCAGGGCTGCAACCC
17,29,48,mlp,recovery,0.0,0.04342007637023926,3293,GGCAGG,4.21484375,3323,GGCGAG,4.30078125,3323,GGCGAG,4.30078125,3293,GGCAGG,0.07627518475055695,3323,GGCGAG,0.02540476806461811,3293,GGCAGG,0.07627518475055695,False,True,True,-0.0002801269292831421,GCGGGCAGGGCTGCAACCC
17,30,48,mlp,recovery,0.0,0.011401116847991943,3293,GGCAGG,4.21484375,3323,GGCGAG,4.30078125,3323,GGCGAG,4.30078125,3293,GGCAGG,0.0759076401591301,3323,GGCGAG,0.02570832520723343,3293,GGCAGG,0.0759076401591301,False,True,True,-0.00039308518171310425,GCGGGCAGGGCTGCAACCC
17,31,48,mlp,recovery,0.0,0.006175637245178223,3293,GGCAGG,4.21484375,3323,GGCGAG,4.30078125,3323,GGCGAG,4.30078125,3293,GGCAGG,0.07581615447998047,3323,GGCGAG,0.02572636492550373,3293,GGCAGG,0.07581615447998047,False,True,True,-0.0006769895553588867,GCGGGCAGGGCTGCAACCC
